fX
247.87887539965087
143.3915011710223
171.52947984253666
91.6663274209478
455.4048814929756
347.93210052036875
78.26512206216591
297.6577596144708
78.28449256707283
209.24612923593924
277.77195631164034
357.3772066613385
267.23882378973065
506.7815955775445
145.12017196532616
159.72041583920173
219.07351789995548
1285.9271631682632
191.77236970542376
173.90370204223083
144.81521747751802
182.27255466959437
176.61950007314604
511.4004954480839
254.81598502056696
72.86286086285848
858.5623296317772
72.98058388633964
246.5224673808854
1172.171186069392
288.9284877536312
70.64968155183948
384.23253365244307
173.5260265822338
336.62622184866245
208.8070742009528
339.28991723945796
143.13358819157926
105.21452993395664
275.2586071289121
102.46593609874202
122.35779354964035
283.99040821788833
410.15200725518287
198.47015076252762
371.85552867636125
93.6022727969827
71.16377133625134
491.0608371332405
1338.1786707744743
106.3915346080534
725.7438569066874
156.58965253750867
214.72449985715252
341.95387635676775
387.17654653198565
80.92624944751957
60.54527095327249
545.7146083925043
279.50820985070686
641.9200448820806
1047.0981405831456
57.40466075150978
450.43834510778026
153.7621127154725
81.67823441653107
115.75461939597179
520.6184395845792
178.54404059179464
188.1172994780294
296.1785914692691
367.97230645324714
234.6145102348332
226.8950209935234
101.86497446901836
243.6105379911567
782.9564266422738
256.3465793888147
203.86651530108847
193.60068548902333
395.97665772570076
182.20114079611253
97.33551561964032
292.70807021350447
189.2352907513391
304.75506070214
106.85657667147228
308.8677009464859
467.56099941565094
66.40752314975218
336.7836338033146
317.7953298364507
107.64316043291555
109.71988259147159
267.1992747456527
156.35787060863387
161.7389285452277
158.66512412432124
329.7637336198143
90.01218616408673
2040.6361297817996
252.9484009825501
221.0950215756162
115.79621384584223
146.67777632385958
257.4412646116035
194.596315601691
130.09919322412432
438.3307999803052
325.08283558088635
148.57234738452567
934.9719604684294
265.49780528433496
470.7000820022264
464.88001846178224
439.2737299770222
158.22851287612244
86.30201100185069
95.18349049427948
184.2135147291944
526.276266020327
362.12551333435295
485.1672072046383
251.3473484514731
332.7584599267035
342.7991261055439
158.55110814388848
162.48748040318316
943.8028901354018
113.1907279243745
230.37041291602256
196.42834445691892
549.6261597440447
131.96148319702397
294.56983933603476
456.42538740339353
306.64823554090856
150.8445644920301
96.19722514518068
455.7956828264171
336.3870261287568
513.1163163012826
295.84195886174666
725.1386106071798
529.4444855228236
523.3200018097817
95.62611453547734
360.638048130779
210.8458820216021
304.18835371157104
176.91453336258095
295.1420312027641
146.9199492002331
179.45898587951518
203.61647201611308
209.90175424350528
84.36873147617307
90.10473532925786
171.29886544060616
368.440600807971
131.156012525121
124.70192371324242
284.17251225822463
201.13712024837164
637.2672514166431
66.48749495433091
656.8912632381634
133.1165019058599
138.22262849091769
325.50205051139415
65.64912739980633
664.6878147426581
958.555941594223
1635.566321654241
86.1858122160648
85.56596548306582
168.2436629351263
266.18487996288604
169.1192926845262
172.0569089193514
124.48183048394509
613.4049173912866
563.7986714685063
339.133004541172
89.49054387633154
119.6840431311334
238.86165909148875
84.92682070887255
669.7414324715196
1023.5442030494737
32.181435159331926
145.07944068406334
67.89959349125657
90.1589894889008
119.64307111659915
327.1991922693926
193.18836066520078
543.2272400336776
316.074749396059
108.56305249033633
175.94549805194188
166.76807495053563
575.1948455667923
890.2319537234306
280.92272143643436
236.40077060018146
246.37135421478914
99.32910067529542
374.7845841015218
330.4787232742693
484.60669569271806
305.9963854942464
156.91533764985033
243.601796224391
244.39092396370458
110.0876272964166
522.7358796331469
292.2193743456037
70.98365831544906
249.52365362682164
182.9429630556617
307.0181142247136
221.41709931159667
170.57209466687735
73.1909266048626
253.85451841562568
223.60033890901465
453.5506955052422
123.12061724994265
352.60209992580803
227.87499211830365
229.507042840188
682.1545741644128
152.43580360922502
212.18675233581612
2336.2453998574215
691.2787394111812
198.98540838609375
212.00853593354444
58.32604410154451
231.72996608055698
110.20549680190382
79.4168299063893
346.9329952905463
109.58079809558816
87.598959805646
177.02637269725662
1485.3469946974371
1174.8944765846675
63.21908294334757
432.5760825859079
381.39499678007166
458.8479812941571
134.11379989306616
457.1498604919767
226.91722860582829
503.1280592493408
368.9530085414997
165.13986686386556
453.95297285834806
338.6485542420123
147.86999878672765
625.4424004815857
160.41359706705984
480.7168465639354
293.9039370769648
447.19453403008686
70.80452689064528
199.32277100781286
3503.6079471129183
338.43930177082143
159.03704467324073
198.29369241425
230.90187413425846
429.2173009363287
568.4613266344572
310.6939832778306
162.18680066765205
415.3211619973423
186.5971893083363
205.9961975576463
102.71053181083002
147.49183608283596
199.38573357213883
446.6634405460336
158.08587890688838
342.1191164984168
170.43296743419617
850.8260996218486
98.55824205384022
43.20161728427847
481.9584551424532
235.4145029403701
153.3945827968497
239.6069759610888
435.25155843517905
333.5696555736066
82.75446940301684
247.95517151241452
171.89350803310202
1200.3510638210698
1037.9042252847232
1094.1793626490073
220.74873935460985
647.7799686886436
134.19176729518782
121.28090794417932
103.36809910553418
75.31449069064303
1087.5478084564968
724.1830977488657
98.92724145042581
72.25753639660913
743.7570717095291
61.28362118860676
392.42562808749585
108.44588978367884
218.79116923358825
127.93875549033817
120.03356216358853
479.5392505381727
65.64130669437758
533.3086157107437
224.42619282111085
570.9820812367977
192.6111929434996
1386.5968572317954
104.26787016213652
1194.6324440582036
325.5422160886093
77.56686094725356
190.48609291529246
41.27648281538525
175.79621169726985
292.3989781186573
104.03326098045292
191.50243859789072
135.7517991508094
279.2236743998568
87.75395189472249
75.49935031591247
192.88157151059747
108.1673803379162
313.48386219252393
193.05372379837658
235.69841794507514
79.75039245894298
174.87541012456958
127.39545909451022
287.40679467004315
59.52844839188268
87.56291062950906
699.4532373266259
98.23988296864815
220.54816926988852
743.7669185401022
113.97486139780878
126.87710264259746
235.9735439469505
98.90466399313419
83.50791275667159
364.43434539312545
222.42005858452293
340.40135868132415
548.6555845981115
263.94840621388346
141.1254882620177
323.7195327339249
201.4315441668925
146.52525351152252
127.72003656111366
139.17403533437013
264.6523857651033
636.4137617753717
251.3098391455484
496.10616621696204
261.836108781216
74.11265374994721
457.3876812238266
93.68349530047166
191.97621547453087
246.96070510917124
218.45174915834664
242.2831430400465
323.0355689821182
79.31242550609646
46.089009387803586
95.52478081621905
324.8323280831821
147.1813587724154
823.5616967553051
218.6802669174788
143.29430153653948
198.80265335369472
31.916127100874874
320.6692245316606
374.00377881618545
181.34043246071144
316.00478272842554
186.13943560724044
254.54412002175403
43.413038046774886
334.53116759788145
232.2337365066809
275.4753674270303
146.22200113836544
595.5010127282002
157.29539146222254
446.9545138798808
242.49295114435037
1069.489318305573
408.5870315806866
69.86791919958158
308.8693052243592
769.5324630646998
456.3634913293158
453.70484240761334
201.1066729467414
151.33240584441828
330.3618666525591
313.5272499206011
61.23557480901346
454.6043703906163
118.914399451332
57.94125213018263
92.23097430538917
462.02591585861205
136.02402419659256
112.27026629329202
186.08470382288542
172.40851004564956
192.97995212512507
167.98835950739556
687.9275977694713
442.17570574147123
466.7460313458163
227.52455752941384
176.64782280780165
130.76004162003957
486.66216147089017
257.6515337814443
173.55466612115126
355.85389078133915
153.26031265949567
93.06217698397671
130.5028167943593
299.88344554239563
83.30083169169345
1079.7889309561963
161.56224216504413
201.1803574931289
453.89507511531895
723.6266935401508
392.74864645868615
574.8719190243634
281.8407077552466
342.0507753007331
112.1512350102941
118.7189252052616
375.9249756990838
160.15418840702264
199.5225924667087
285.5062524504284
105.4428285817302
135.3296102805649
88.90206729286263
839.5193979350553
182.24715201158938
225.5607349751717
30.60127618496108
409.46635307830763
134.9293997682403
566.562905821868
187.82370099054322
537.0330826032604
356.0672010862496
661.933046988358
176.89718308226983
89.79218330091777
420.98833316462606
141.49588749607182
259.0960816708439
454.76443034564056
65.40600179858646
92.13026925006236
778.4419380984334
139.74883538307444
938.2940406255543
262.00834870727795
159.66124136340147
412.11253864468665
438.3175056778623
715.0254456644058
1210.2041336823463
179.84184237919266
373.7272909875443
377.0325820201963
766.6266738869706
223.96860724486626
742.035167966432
81.64805635417568
316.3240287140094
220.08567712330924
265.05390609536016
379.53405841920835
218.00192313070565
322.4238988279352
305.34200510621895
414.43688766979335
119.04910510660122
381.4615394325889
1373.7058498954398
139.52596664350432
448.7182972314504
1598.5706189921048
139.9029636412134
462.64844046787925
167.82901790258285
296.07890386225347
904.0122358559455
278.94743520534337
755.5032292855864
132.5492199215581
392.79235208156297
380.90842110385597
44.63942316529068
116.15684685897327
91.97114891099571
348.72302100106276
124.46290221108157
213.0954412190852
185.7671432784849
322.46233983737227
120.1809932538946
260.8271970418666
126.94488783136487
128.34538458879078
330.04040054223947
304.0045415581751
1520.4802168021072
675.0701389344224
364.4299436080728
953.0126973109396
253.80736085140566
96.33198806049393
110.68257201003487
135.32437577295212
156.68385869519224
41.41338754592856
135.40587597716961
507.2768052824018
331.1223586208848
76.98136377539109
87.17853695699577
149.28385480576725
1022.2768750761552
97.8084327403447
136.47023674578654
88.08249998889225
153.39736941806348
552.1642881374631
854.7466087173611
634.0938501977587
171.40798671478413
194.55966603891702
135.37584174385492
373.10530683614707
319.58526032652617
238.25716620332238
174.16219310665505
180.86782181502141
131.2800876108227
118.41213805910962
294.7661053622488
111.32055015195255
500.8824032626178
63.72157603574077
231.6961835002958
138.7497112766918
155.95380333504158
49.43917866340108
119.84336046305293
176.21521417750714
155.93588197318243
220.05411054182863
345.8044084261028
482.9734295923562
136.80487582564703
269.7690108477274
417.1416798191509
123.10736711501326
271.2956326022752
119.74914685581697
408.02657955621294
209.5591845164977
292.6254264479235
378.03242749365427
255.37940113035117
290.40627000803534
109.25606237544878
156.85468243995498
296.7717847525913
297.43846149591707
297.40921364774886
304.83228575205965
96.04537856686267
152.67892371222328
175.89452793466938
1001.3527155657066
183.36943419341245
138.02629111970163
186.09616663809035
354.2956485810075
1918.17748556919
202.3776337807202
259.5771271426329
173.29884739556815
62.953527079290964
252.89567028642543
395.92258893348765
146.01728959809944
340.35049071996093
235.66742695846924
278.5030985778643
1077.0772370440045
97.93622043519716
372.9170424239029
376.695491120777
893.5516367523957
162.72794389123501
1192.8970695056125
2088.2639932051234
285.4677433713441
83.61053158580302
347.93126410515777
281.74977153053214
489.4682642034136
697.3302375341859
204.97215818750914
70.70047095359979
384.57415267476847
389.91726038999604
184.9968512053652
85.45356684513433
1204.9719154963898
146.84064352320857
202.22868711548927
1010.0582421665242
147.99370884030688
101.8899669573895
166.74075621134907
430.6701505044765
357.1006923372262
282.144713800094
639.3310705324126
376.9802805630436
361.93287867743675
137.29102235066244
150.2968919797136
52.96504607906873
279.1929951432063
250.65541577785487
159.56859840746304
212.74316072321764
275.20482269759043
152.255200759111
97.22211356581553
277.23756084440777
67.20088295331819
209.6476020458639
251.98561855397972
182.89459983341277
85.17979644538826
324.22287529245034
53.299821761128584
385.70351503731877
299.3394401296074
781.315327395215
660.075499453919
206.74754399644652
794.6332414595207
402.73909107095665
189.2852659592065
484.3400471496292
78.47503799013136
622.0346819027995
109.42645023924658
387.03863376859624
626.9072516713348
141.36224454342843
260.7297086952484
58.016461680089364
215.72798373195386
188.17266131057303
170.05706614889328
127.64931463631748
810.2451807584723
96.44231918836974
902.7244417901605
159.1751450937201
848.8265007914827
203.2326122864282
212.2794088563603
109.34719710059287
199.79644899030592
183.9772653791599
132.9715033182656
86.02706498570187
278.2003726828508
102.74823361014631
422.9314272820758
179.54399732676555
285.6549600733275
188.41772986532868
280.490267896203
99.69020644169655
277.880677715107
77.68470096297844
33.24258604711336
271.8619778204511
69.23092263129703
228.80597797088424
255.93521069593615
332.74113791295144
106.92332981077413
741.7204903013497
107.49912343167969
413.0520815197709
239.53574655763086
190.7120864882146
151.8436017066956
160.34247411176617
249.7961309641486
110.11044598843498
94.01225152122387
159.36314561107406
103.45121610522352
64.05423263279462
49.66301456566187
173.89710360882557
151.08026086563422
285.40180119958313
200.8587135227555
317.19306597548723
198.8962738029228
66.87096961148559
74.29364716748115
216.89842837450811
266.24934931296195
145.13860810015234
408.81227925387486
440.5068841367988
310.3901327421356
70.32213970603627
246.46602782660133
501.335065541581
239.93495479391365
645.5084382949906
190.8520771848689
432.1918756957713
456.57319589363146
400.9484914900437
121.65458051025519
330.81942380836983
662.7873332740078
117.0722021641559
168.5489282173609
377.8120092164204
505.88252495258723
121.29449070983571
657.9197631895198
486.164893580304
172.00900207513774
162.17812935208954
139.37891909582328
187.7656804246755
207.03122739174827
84.01818836158809
365.56315369039805
195.560558547367
46.168186936794456
344.94091613446176
789.9947203319543
190.33211865372033
81.70934837089754
132.47693005562638
66.24747909621843
178.83121847978347
76.08191192859913
131.95120235259188
153.69049202049848
431.97046470032933
37.85889637733149
95.30770556829432
139.62321301418356
511.4881090518587
83.36305672012735
72.88156703433224
527.6100091057951
196.82126372729277
70.2883488147051
183.6479333455847
296.03771074310293
124.52524355704298
60.14816297489878
475.10918714204865
242.91889505312204
308.8379319652472
1013.6516821066684
553.7281803267555
35.663130343387905
123.20515398099744
663.1318589916599
608.2543987986961
219.73518015281272
599.6174107111697
1734.3282617685068
102.21316270487341
148.7523519314675
41.72159668018381
84.29473287538029
35.820844494215805
1090.6351082707993
121.5965598522346
513.5462450197374
320.4672244458153
202.90055217171508
255.20787986521313
103.84277454000076
179.51557823238474
502.77474459081157
677.7823515149386
223.29918582223573
411.92217059379516
214.3971279699255
139.05656835905734
423.92890248704873
167.79377804916845
206.42480913365213
199.0947544818978
596.9822972019793
125.22754743597508
439.0179440945767
915.0675467556193
387.99042885388815
485.38882721851394
199.31746872559205
199.30940659139532
237.65601868027036
71.91056047079447
575.4269395777726
142.47342096799144
488.4413826822381
264.8320918508872
228.61346187993578
582.0246371533274
532.3772470389579
138.22648992678918
217.5964221586033
84.2595090353386
216.69622823814257
793.9786763147139
405.284047913339
317.72640921779293
77.1215347611033
236.28030527893625
237.25847991528687
109.69980171543725
334.60677492683385
673.1269644717011
125.69732392575645
312.3665985668016
468.67184579552725
240.1902617426335
81.93482416944862
114.38507607512778
208.9605981199977
33.41071140139556
125.2513431257002
260.6885510031834
1788.3005882112013
477.18724961670523
82.32244876684396
168.99800354119188
98.42289733321417
195.94306529852557
361.0662609832583
29.81267114930266
195.34933804347796
252.25395359714898
113.14022820269557
124.52091594675869
256.3660023788874
261.71242914192965
483.88914485584655
96.93337936713229
284.6306293338657
813.0474865977652
216.5553552949173
6513.416192020588
111.93586618652043
74.05626708880843
246.67032429283242
72.22001653685263
241.8822874134427
198.96814157772855
100.74065799745637
445.1141254697359
189.78810574273962
322.64998074367463
224.84818820595203
143.31327605548174
149.3564335158136
155.95276543534243
243.98753816716882
153.14282518282536
684.1562011669067
229.2387970488874
303.4227838964972
114.28169845590833
281.9023489915089
167.3979254468725
87.23672965803351
927.8887401372666
217.3790254231998
931.7118344678316
105.97615631938939
267.7993521458709
264.41243264215075
177.5546975003262
944.2096997344513
122.73593584652653
114.49971726546084
83.74298810307396
676.1855162365853
828.1364354263212
360.3809989623404
174.48694514040187
569.8575033250021
319.01738111416955
362.94892516448465
408.6221110068245
198.68734577375392
165.25786248998133
501.12123691068325
1360.5243866049789
127.35178324761554
130.16113459008267
153.998722305929
115.66349158335487
265.22120189128043
201.26257440392735
573.5997672963118
107.93451309048189
587.3453806015909
196.82972913378273
303.95436983098057
169.5936192655732
73.49361753653145
341.7054902628121
745.5964801518037
190.87049256185105
582.638293035739
351.46847581421616
1669.1239021143415
182.2827732515752
367.4233594530482
157.3448488447305
65.11743581047504
223.03569660818292
131.50376334996466
584.532478252063
42.57276567533812
190.49112231154072
226.93649492095167
225.98869734675773
333.9709581487924
206.23098853286498
189.26683920981665
61.092739827295006
538.6710310119771
152.15192251525818
103.9723134810603
264.8749623989996
345.2409959900833
190.37736733919002
82.83453106186911
204.11760516024268
263.12985840908607
910.828489682658
163.9129966387201
145.10019027210438
521.7282969767009
195.1223563064036
399.18964631325525
435.92479626036277
187.4654668047348
688.2674790225176
224.35799963830723
233.36198125427987
140.92620979052464
680.8092178412926
575.5832896331898
397.8075706744886
95.58595466780659
194.22015806756065
174.6803328847706
197.09598870495734
419.6330309404334
124.91592453440202
143.95504854349355
228.13350678880838
1009.6976436686543
247.9034805149528
141.28736229502437
73.07714258501007
395.7200154343775
85.77229659796622
708.086462585446
448.36537327715155
145.05857039178568
361.0094100192265
190.84672623634478
195.81403311411023
750.8002317803674
226.2712928076394
436.3792601415938
1114.183566281813
971.065083049481
645.8057737841798
186.80385434220258
151.72283077364713
186.11729663498733
216.07192486668072
300.30840858986585
62.32961930637063
279.6163303357499
175.2256215125962
308.53070764905794
44.81318127438014
73.18228460008159
437.59084007573153
226.69962935263746
272.6874577370478
658.4230963000217
128.77899601746302
436.46514384999534
278.98185960485375
57.45546603189196
224.30863546252826
230.5217990108758
395.7245826104489
1036.087159003724
61.0338476961721
193.1655818766351
87.71997932832919
408.0953331043826
445.7475222982698
445.31266505677047
918.4592850804938
285.48720812073145
76.21383195159234
324.32690173276467
52.99579924699897
199.49772722227232
95.33386049888952
887.1137072128954
233.93302508642464
103.58461673947335
305.0522114154396
113.96807427055367
555.6391602786051
269.33000636981944
1016.8737952758383
196.70248990575664
89.8144718114996
88.68885757810305
207.4051501533109
203.83219128948312
268.0512402090212
264.87808525951243
82.86212101539112
761.9545219290289
218.23836620631656
110.21347224117753
506.806787902867
752.3690739741827
338.3058449876022
267.792393712635
722.2512104090974
215.13352430746346
65.7722149475243
985.581608887203
272.32008135047033
97.72622533151423
313.1227279706475
60.212067397637455
130.9937334589872
313.3894161476403
280.66335713293347
209.03404365543267
167.9749230930163
187.22170889845646
187.13732821243457
254.42019946554515
136.16142948912733
178.2383499664677
120.53142597420512
716.1493583434293
357.2903068492045
194.7772563660987
114.83567827999377
212.9922096139591
213.27339945119311
106.26407557240779
198.18565168347376
171.91282931962803
90.99588017460542
388.71851952500447
40.61162193875734
428.3251246589258
320.82388731425374
498.4839865122401
183.4570307644304
102.05188812291587
135.81713080443075
159.92370336284483
171.05944608721828
337.53587392730867
202.71934348136588
910.8541400488109
458.40308412258025
428.4735296192117
87.56319620116541
195.5719872027528
271.98539610615376
839.6709693729807
259.5695955734417
151.93312864871803
367.88517614565467
187.5787219498582
1085.1478828564345
54.00179980136603
71.8800927652915
108.47321385095682
120.4333878059754
166.05171823050887
160.72818165314285
611.3123773991318
190.86473544246107
363.7555580104348
1133.9530534629375
216.18840568011152
185.3879307379113
403.3189229273215
180.55272055258808
134.1929063751307
463.45877494254125
233.14613943537742
319.56579520926323
153.0910296585466
440.82122854798286
141.65384757296604
210.1545498799862
967.8190238994677
110.10938392747332
160.1703958548924
140.78331284062293
778.4257075119489
428.53487054637935
125.53376744983632
226.89053721742326
175.15370389520686
273.90071133763627
91.01828203826773
297.3711523764672
676.0375021752005
321.414325133586
1812.8346730275982
168.51138511652397
219.96685938209274
456.64219360726736
242.12470173936825
202.6376705026847
262.44743143180403
531.1559745425078
439.7022502715539
567.2940645343365
761.7104244171206
164.09897480458991
43.167127078913936
1003.8559987118842
50.73411684083416
482.6250716877689
1540.4181875195957
318.69343492711323
192.77995601183332
446.8574727636518
729.0148821385305
201.5531861126576
95.59620451337446
80.17848981474205
341.9636069125096
283.54445721458626
152.83045795879426
135.18131643496054
300.5636218996949
1194.4966669171727
111.05094350062362
165.37210093366437
915.105676777396
218.40898217961663
145.8273978809972
93.92737645336712
126.05512122227532
61.36052765853202
265.96487659382126
309.25836208048895
200.67937786427518
467.0096162773033
530.2832081403639
298.1606907069031
374.5569148463429
65.2199808723377
144.45633561895826
187.10919823763288
246.9626101140453
345.3122023376973
135.5216094565169
234.58180338803172
336.76915080340393
118.56208642373306
133.1412618242721
167.45939836467895
126.40905222700474
79.79918924242209
826.542951617148
69.90580766137616
353.7330517869235
109.22852040003829
180.81098770220038
1331.8399231205883
220.20345132868417
95.230861794954
133.63281588647828
158.2891255402088
740.9495866563509
134.64369274133415
1081.5741698101401
159.40624374664065
172.88434026041588
1116.413555372374
220.99783009192478
396.5973880229009
438.76091014760857
144.74748618659353
685.6267862383557
214.19396179681016
556.8850349821067
161.59434195545452
151.40112664905925
490.79016812107614
133.7348600710119
705.9046429526942
235.20494508133478
66.0396476183535
202.80410578150497
139.14582586337244
204.90195732432522
171.16730051591335
186.0042395713566
168.56753375255448
94.34824202886011
514.1721588753054
211.60327816455802
611.9587811647993
50.36166255072038
96.88298401818909
58.26490649660738
154.2777742937408
158.78963165273305
1090.9641275599606
273.6337976400274
95.74059873627613
171.72875690511586
470.872703162568
246.135339188622
409.4838822428852
971.2635864682072
81.14004731170338
130.23594840501136
85.85646841966734
137.0989370399312
655.6061078904497
214.5723228637739
74.99851353391817
367.666498252313
142.96400959976617
376.96758938865787
271.86946017642424
341.98460122241534
247.93590388661298
216.96156524416568
1091.9764788369694
127.09806391279997
191.56339069096518
390.1075729388232
538.3866939440227
546.5095784802204
662.7816009457224
66.64771065475075
126.27942539538924
230.2918933287643
157.463249918082
1053.4421767038684
588.8956802997043
949.5288568741909
160.57073581786312
79.42202295226694
852.0270316701483
45.41376213282106
867.8404633615661
63.169757137551386
1020.9307746437928
397.68453577215394
410.9163671019372
416.38777685646767
121.22490564365191
284.2249329910827
160.52289485901701
867.5658293862156
130.95836312879322
95.7580776480587
164.7613313362065
379.7166888920266
564.9813343346107
107.99826260785551
136.99096930015128
443.5889078047859
702.865551533575
236.53260025377736
265.82061060082094
841.9960501041063
220.81280172430476
246.46662102057613
329.52452645412836
1470.6817557638738
95.35609679925153
151.01164881807156
462.7197350661687
420.2214705571174
316.5283289527398
294.6399920170585
241.86194353898193
93.28454922534965
1312.4904417944585
1128.8431229843752
256.2024393223094
157.2785630553043
209.52406468495087
281.51190428716336
61.375424582640434
165.04004252766234
1018.1477419194005
178.11489985576327
115.78646254091854
230.77603111714993
238.26116549640173
116.6973830117193
590.8704200553434
273.7102473400713
153.02520595735353
717.7037362604913
119.85681196230169
275.66965521822215
401.9913556021892
575.853183629522
197.8027193376488
910.0945988027546
119.05034264684772
153.50995197274304
241.35934671011708
166.27625743032468
107.0150676753187
411.85882342307616
1158.1210825020403
221.9927009606852
161.0162299163998
170.32148858953403
537.2091068028639
575.1558361035942
190.71930845554607
269.527531631345
89.77612944380269
1912.2366136024718
249.77955024843178
170.46723308496627
259.58110057778765
99.60824573398983
385.6223620778775
508.73174210121863
409.9392371859291
115.5878215375277
462.14351162937044
137.80314222028716
37.489592442906996
183.44281174662163
1017.3967256395013
372.8969720517954
135.62718969267482
94.23256074411182
226.5074185669084
594.8546490691353
763.9720710427429
191.77496656080518
173.96550120731717
116.44390638893555
556.1991995699459
345.2428828978691
190.31261340997725
716.869312513958
50.401338405188255
153.81893518780035
184.33754065042731
309.33011399332554
182.17315368377947
94.3012085208922
491.5420504686771
1410.007084551293
167.61853341775085
145.919894107204
86.61168086213804
1577.027412946946
192.5249601657367
748.6506949054733
449.88169358844027
1630.7802941802368
666.5883388870125
76.47466158780676
161.7172867708251
308.77564324808316
119.4690575695331
425.8118756589564
52.955807115927854
309.07962916605607
451.79289979507223
386.58473222350517
658.0110851876627
207.79528503815885
269.975857256567
1214.2466311779617
128.1879425769099
75.3091598246043
366.459526475182
240.18346899763011
328.2409057524253
225.10470571826855
313.2425260892061
319.2121837765301
697.5888723879015
311.85063594560836
262.87070408261434
91.49253246416271
513.067838216405
116.39742782895743
673.1044294465199
415.0868535497459
153.10313167900793
275.54530469144925
317.37906636311186
210.3580626442203
170.71065908212586
261.0311557279683
199.9153227277417
186.11701024287885
142.0991188416016
227.30920692593023
145.54280288541526
559.5158918506263
530.7722219765848
292.6526604115086
347.9686711563569
259.33657568741523
1246.9568862584595
491.57957166792244
172.4268598241325
553.3417997999571
150.11218289613694
91.9506708782533
87.95801988150156
136.91751843826668
137.24336770237116
236.3846499975593
251.53730955779432
174.8583609067471
528.7543675001704
109.6739301064174
793.992652003415
1282.2349008203882
45.38334165701042
147.33212381484253
269.08794037771054
121.25899246767582
487.93999987084374
146.56254737350707
325.5927403855842
553.5329870292833
430.6748035619057
207.9238316862312
485.0416514786707
37.19504680903664
486.7423896255399
540.2927636741567
392.43645051005274
365.83036882968963
900.4886965427032
147.17983844362772
56.45636590822761
429.11678560617827
862.3779991357666
357.2388413573103
95.44401063087642
1781.192793091854
245.4077196978428
153.83258440457584
299.4079985152471
175.57075850504103
392.4860287143954
308.899912727014
282.7992749807744
147.47839086240077
97.2699146169079
313.1111755570653
413.3819121321425
184.00785031097527
236.41018042113095
128.41336887042303
80.67051888466244
254.2333203331451
118.82439488425814
242.97195803009103
357.65726063399586
354.2835607334981
146.10930946406413
462.6017658929112
127.65984177796958
427.98690649816467
30.613121504182047
222.8608103294396
287.95295378748494
1376.1535034896358
382.16463826052507
491.2398590391542
952.4984220450307
156.2414731806112
283.51628450870226
177.0803726852253
240.65727074300938
208.93309821599348
328.55521745045394
995.272534106371
581.6543439365965
31.425978610463943
388.1219597658559
277.8122612132762
307.27424043142594
230.45413233669447
70.0572884856411
364.10568854728456
120.88823699049013
139.3959779352686
207.06618366479609
168.92263208099942
319.41511427278874
132.9678210139101
218.86565971338118
663.9350579179128
211.29019483955105
181.32022293100204
206.75419904519566
225.2007082050737
670.629372398023
377.0956312599682
759.7557240377065
72.66177496525164
366.68019650702297
153.27007906948336
266.08555252369206
635.755738699439
447.3103774894943
104.56565915732827
443.61986713073816
154.8992450531904
167.34064828572
59.61769847183608
418.2191398152812
283.79033648570555
632.7137170389701
173.24303847208785
155.60988501380956
533.9145968204208
25.986315373582016
163.88672015520115
488.2053755397718
115.12786710473279
209.1940235405345
347.50851657353974
1095.005504581043
177.70891499036222
155.24482070125825
419.57516981608114
104.49867605187947
145.62963261885633
157.34302246148562
454.5188768440963
147.8904822562211
172.4805149685183
242.91280150973776
389.85189812085775
226.73579011586511
190.93823158201582
286.6328465022915
53.866231725647
335.74410101976673
301.86448288841484
159.82334644170427
204.58199228096947
443.9463390135546
356.3237482632592
697.4597078393039
81.32972609043192
175.53790365867658
218.1221651757376
97.6483373135872
158.6256655067895
179.05607749783042
183.04647665780178
177.19632381455503
300.34740744072997
133.09082139496803
216.94691878351176
307.03229253748646
1336.1695516444063
322.4805987261693
135.21673587418675
4166.033391387946
321.65128473218374
69.86508044553486
127.17528526590243
172.53141491947306
64.06370319489088
464.875626773764
427.4874181719057
127.81827686239518
256.6058280431823
186.1265134136951
295.96953350725994
105.339223139459
166.56909529844978
118.9014126503348
378.8248312335613
87.0409400131245
267.1351193952304
22.088263537280028
267.5853840174816
154.75485307954966
103.00173311266505
301.6885546222128
199.61012870400975
1770.9022595859483
952.4398256646323
103.80686517241912
441.73086654013514
98.25525680644645
344.36913504357335
252.73234167121834
128.36634146514479
2006.6963890319007
92.64408096681282
209.57709925428452
267.57002621711126
273.2058879975191
71.94110527769215
74.95625600382479
278.69238139656886
77.3486284551214
115.58650222256577
182.58262331075795
86.15664076138046
517.4903215205258
259.61549099559534
131.60174968949985
341.2406160627396
120.5080835533806
363.21251568820844
82.22143517147654
162.75815743926807
373.3416549324378
397.2053720299207
190.56182352112316
105.22413206694645
1139.574449526678
253.85267254684882
365.4291836492637
119.74937297725813
134.83595732678899
477.4275271976228
114.3904782727148
497.93945296844197
285.53881967282416
175.3473530454711
311.53765263133903
190.31671924891248
131.05907339548529
198.04913272716962
57.92590051649354
539.7265520242703
95.408308510404
219.09334297236254
80.68766898379755
106.00638481031595
783.9299781888994
64.59786760154992
651.6129627335893
124.20663154948431
211.51947862283433
98.37737590459287
192.72038924256435
181.14326315337422
2940.776184493506
451.15094559406987
3317.45926954802
472.083154897137
310.76350715125113
216.30189967988622
166.99836584081993
334.7752549440514
209.0105427632668
106.43471245701522
101.18203235768732
229.61064446817548
153.30013790746452
134.90207087027608
1395.532813192664
198.45608100983955
455.3407537208367
451.0738835722618
119.17798238317798
354.25544059631306
154.55835175238772
227.495655863214
168.0078939774296
134.86327150536795
212.37359514442187
138.30437577371745
86.24865044563761
103.34210598612927
88.79781082293256
277.3541558938085
352.50671413539385
145.96202257941619
172.25331861832805
196.10458059284971
351.14008763581967
467.83220676593714
743.6332055680917
332.7389908304382
294.9971961926061
241.42474324165502
393.2913810559985
73.69908909097866
839.6691213059279
158.2573605753271
226.01710274550388
489.15654257418794
315.7705043593952
181.7200981661058
526.6576105457056
406.8953375723462
174.61419103508808
316.7146354577287
533.246358745171
232.17651425455236
255.0090440748193
1359.9734503845414
74.53095723079615
645.6275087948111
84.5516862157368
96.0298153501308
631.598005974219
1277.0154250950332
177.0820580814937
202.24918441452783
47.72665283604526
253.9219104955798
551.4496598445235
315.9318538183927
171.37351915734808
262.449105717086
55.84108696914143
198.32692892131752
124.58452189608246
293.09714352597496
176.6133212261586
398.97283168578883
390.00301042550825
137.4646253144839
211.10610273031125
244.1524620501294
590.3677733077095
110.20292502946961
195.81361964621456
233.58481768008207
144.71487055027032
157.04231200564695
349.91372933121477
503.03506696015086
238.58317916428237
227.76630759961395
1211.6608849048343
2051.2098808782434
140.24344086464401
174.76255330838396
145.53279305231615
393.8998678444533
393.4767564305588
77.43974432404845
352.2212660445606
208.74325679359654
90.62505065792635
951.5689869360832
256.4146458031139
314.8123305390551
327.35083801371115
103.37036713371788
662.0432161601884
229.3685961903913
609.8740407038617
298.7473172855895
269.84152480223224
463.84781127695874
352.28469250801936
90.32050705570609
173.74740723236076
67.90754484593504
332.0532587507737
129.90710044225708
188.5106425856929
375.39498015456843
293.0652618314283
441.7466453275813
377.1024477357082
79.13778439791987
508.49958910104317
125.04287487007676
135.20909021233567
360.99171156691614
178.30845487194117
246.09610211403734
1089.985374555231
142.0335127061454
118.5051300932592
533.0685284314396
162.60645378744854
106.38206357682262
75.24585991996639
217.50450184964026
341.23862373343127
87.18367075106673
166.5952369937584
79.18927577903222
430.46531499396986
303.11136868543554
194.96895030207529
370.94345516816406
364.2664740795627
177.0969553246847
174.05835744688122
1208.8794748432244
213.2029951416071
94.32343102767373
405.8343308516635
64.14313036028175
390.6213338081276
324.48229501522155
133.82497961817776
2835.778635674205
157.489978661985
308.333137079072
93.3367348444483
144.42954165449189
67.37408414451873
60.91743952193677
75.40424053113871
561.2703642990105
133.7648807737401
1016.567116085434
160.7455270302761
463.0539548118686
179.82875405614934
314.4258759982214
194.63154290973458
304.49790104567774
468.4301795715128
203.1955032601578
669.1065002747858
358.3011348714233
402.592780598201
435.6776426828892
111.14913567607724
211.836559168833
429.3155781547699
164.51575050014904
246.1778149973292
464.35376558766154
56.56616300764905
866.5194789526242
77.84463950672101
193.93602397787333
1328.2285535886247
422.0728307936399
163.03299337649005
964.9127875878719
248.77119480306416
121.4773579052374
331.9040669730342
283.72711694838165
145.23258055207154
125.7454534460048
282.55591691561983
368.995168925503
625.4288405450234
89.649238395026
628.4004205895055
521.5047551222408
697.9767985287071
388.8325890332237
89.61955273136331
161.66216143061303
224.01390052444296
317.35101077700335
544.8246571862326
159.41399144204516
659.4805370455097
73.99673250989424
218.8586040166514
974.571423203916
303.6522965433594
221.4915437001808
1064.3770193854537
831.8331848337381
160.91264837251495
138.25485544006835
404.16419420950456
134.1247654207595
179.2695167118898
81.30726359065609
259.9426297566872
138.76060693338792
279.4585489929891
587.5615116864152
78.26085050429566
338.61736981713375
672.5504119797547
342.25808450018883
189.5438719374674
229.37440703174676
570.0799375622338
322.682984367724
856.2568700954952
1027.972150004121
184.389274140448
1369.9494595063059
166.93753480546073
267.0025087019683
136.41397628297062
149.5534308274768
138.23489891994666
1050.3783868601097
101.73126374110461
930.4329285983454
81.67657213449527
184.63614405288766
99.6440530669802
135.35374442496655
793.6462901967268
282.1155065829953
151.98593626617165
64.594368901873
208.97102007590925
202.98349740007603
138.94251855829552
73.40438204617985
158.92367042108688
167.6973117987868
270.7279827622293
202.61280855217097
357.38081768206587
311.13356240508017
399.7249154903667
165.9407486963585
143.6037154410137
47.61031417490442
97.4562878999034
142.32043542604416
51.41279854472478
193.22607721666756
296.6221323037105
146.46182419008034
294.0165945745373
97.86502633523222
300.54424051277203
234.9971750523067
294.0872523539322
315.81810528334154
125.2262686611125
228.14355041020363
112.68050837469667
105.27103332020639
797.002271125514
117.44269498182624
216.96195489563806
344.50104873544126
354.94259813832866
427.86389982966443
417.53467347829485
301.7504696445769
47.63310611361392
32.997969575336626
202.213703759005
890.0368674417219
88.41621886210244
228.7609398632106
159.7934260819189
286.929315764581
264.4501839247861
209.70901285258054
142.5419352618902
388.56215531844975
80.64658478213956
70.44123026124558
100.7896044840036
927.437117624687
306.23819488362983
363.0946864281817
92.02278166347955
126.39414142258192
363.29888551760837
121.67224534054637
206.2016585183061
43.35376118242414
240.0301824944992
1186.4453533820652
228.58144150242518
144.04251257201156
257.815611185413
121.97183418895605
43.51124223297492
252.3270922702379
188.54741051175452
285.3681600027237
181.21377754081468
329.4902907328594
58.30344022770838
1211.1571927061266
1103.2458391979885
186.18895342607993
988.9675684687422
193.21738148475487
174.60692613807586
134.87783755042787
46.892634786182256
131.25992719641874
564.8336379506068
178.2327370796359
244.61518584253426
346.71989119075477
154.38873378404634
193.59268428445816
61.5229910433071
176.81823090891444
795.651102665489
205.0348694584659
303.0527872655581
78.30620363651153
192.04826788153784
89.09585358390427
114.04372196810863
85.7537017794879
619.9151396449187
549.9373169099032
316.43806562263524
89.68314353439263
124.98992196075835
176.99338260235143
290.62890596925627
241.40511087280706
251.76238378865227
512.1659617895351
139.47834054581477
144.92590172349927
1170.1281827820967
467.011257274119
244.90271607977374
97.94571886646526
207.00934305906122
822.5316774950624
151.78533351598102
981.473171714158
364.74126171418163
371.0952538595228
348.47067498483443
205.71974778031466
259.29621071307884
467.7428152606707
136.36219920098688
278.06573151278326
36.73609111939193
408.022461323322
531.934027791663
65.59183994526106
142.96806013607514
238.84891116527004
239.14985771371832
115.40645615635384
252.227618513223
310.86333445208174
165.91522158899897
196.29723809387468
440.0341442182795
748.5355857439692
286.7532005207389
141.9507711441197
339.69966929560644
210.94917519796502
209.68470185449493
225.6954296038252
412.8965597776895
240.28205534046023
189.90330601006926
309.7338309333401
154.3195774879289
322.02082407944647
925.3203018734366
203.89432825539473
417.97705769714776
181.74514347065738
744.4195135566526
144.60553767917756
398.02660933649247
446.7591661777277
339.66602555931377
2269.391103279958
275.2916393852988
189.5765534666141
732.0469676327095
1062.24015425928
83.3196400601642
170.2513868248301
137.2187045846215
354.7538276327539
622.472947117592
522.6198634006776
285.55815818619897
168.1144704171317
304.39383399802955
464.4846511493107
228.79685529311396
209.5022503830894
705.3963339510036
263.46764634320596
98.16311867818439
172.0333598656223
155.5673726168932
983.0362349577073
226.70554537509375
130.02462433891915
482.8689510495486
278.5830769266446
699.9820387320102
193.749598846012
260.76435456816296
182.7194978873741
68.25082158655655
248.36685651268218
490.0739795147674
342.7045054169362
228.3060464451717
228.03472861846151
189.89587908066457
321.6163436482136
112.92730893362435
354.0156271304111
891.3004467584451
128.57939620527398
109.01497462997682
497.10299680533683
130.83599527967598
124.26394564597925
423.66551766700354
443.0370899590631
309.97672110182157
386.98955508689664
221.8031031712675
210.4343214855461
705.5029583100004
678.2188672521546
285.8553254781581
230.8998817199823
286.71701863461294
236.692288708792
1728.5408938754304
473.5331233749913
217.56975897299176
290.5114315365091
1042.1141891123998
72.80339330608106
106.78504642244442
117.19187933812148
196.26847906081636
186.31257850983755
165.43000051637827
598.5865341714149
360.67084413849375
212.6938402013406
171.96019622561667
70.57507313108384
140.6487726396939
147.35353479804968
238.39024522607733
58.373718383256545
222.13705924906984
314.12530714787806
328.54540120649915
352.41056794857525
390.1262798902966
138.2891842395848
629.6125058841925
305.60088232308317
190.02423965487253
318.8195362506308
151.89843449443168
788.8743352517112
207.82938906182844
111.5302430482636
419.63692510167095
436.5916751432644
149.34913685515804
201.72364422020362
228.2936452811065
542.927844542808
200.75296557864834
185.43458962084085
386.4642855328533
159.44525603889318
43.4513264674421
1299.8648613994285
374.34493058698047
428.10275910668383
139.76738782782385
148.2266654888576
524.2085646067699
344.5672843261243
72.11432476310199
1422.2807433990258
329.0789784356798
131.5345006085914
108.11062818580592
175.1874040890962
263.1843348818986
375.8195396743979
316.5722569294154
181.6012778736054
120.89600759477639
484.1152528267987
942.0207331207306
423.96428320751863
87.59931106996042
186.42943157353722
122.79407337976093
152.00870375553856
35.73590784740988
100.31820844823636
573.3642671733935
240.33368126071295
296.67069183912986
69.89908341585979
84.9692350610918
154.40780551007904
362.8332727348377
566.4895343165755
161.21650196968434
386.7441826808481
333.40784311363234
222.66529481240823
308.8792774676896
357.84719584283425
249.36484228566897
190.41033399733888
69.4404039083626
552.1970115314426
157.13783083948294
54.1791118870332
647.278398415106
510.83174691874024
300.3581209661861
212.7208093108319
303.23412469858647
488.85513227720355
710.2314430283704
861.5308078873974
254.56136227652271
493.56805127353414
37.51325651502215
144.2320916238938
192.96214463632208
235.85446379474277
586.5012241372262
174.1805324931662
109.35420456810286
197.0194939958565
261.96712714186435
189.8765012987124
102.49954122829186
152.18134313605793
95.17517591762896
75.7314554124212
165.128746541819
303.61434992397164
204.18683646309486
266.7367148647983
44.41836132059859
156.15883605181207
363.12391130563446
176.85611806748102
494.42825342139383
213.90532698436263
131.61149238233938
1732.4236099411344
107.2318317079492
192.9205052073745
184.87386671322423
155.27410733822833
286.2616973542631
62.37050995311347
234.82175721220406
141.29088636988106
780.8688348432297
393.99863996041086
247.97508343456556
86.3091691182621
418.5124257383959
107.74965546201773
1196.0424789419549
767.1217780145552
132.04710088583337
450.68727424021176
273.80787219589104
743.8955023422542
204.69655207309808
187.22919534462767
491.0304407010441
421.88166854739245
207.31752898850388
683.6658004548697
262.8272594339352
494.67263761125946
175.9535834824911
918.3194201269359
1222.8891720060699
1367.3756305503116
112.16571404504086
105.33060901211206
2019.5050445597155
938.3009874312646
213.9940209019867
213.78343602819726
78.5093410786072
152.39953830183322
303.8227485063112
150.00125150321534
208.56502594769663
130.91155055612148
565.5320446761671
108.90028882812103
117.20172561443738
1609.2827070419612
91.39933808731513
88.03782192785407
61.6194734522209
519.673929749563
92.02734888550438
264.36684623148744
641.791530171541
69.18479310816114
66.6504678821988
287.2142865058953
137.52054513721117
98.34796908631577
132.6530035177005
1515.6321423503794
653.3894002177763
195.54529042539437
643.0673826572133
304.2582562371556
1206.97511629907
197.2121610659473
230.57935802993907
50.81329731145807
128.3810540915103
236.97494900760282
68.39465518725258
388.22406072904585
1090.2942114945472
736.9340501347879
257.6543859454549
171.20630496171435
321.3719415907982
166.40328390075328
294.242706824263
120.21728431761713
176.37831269447875
260.6475302651278
345.04238058651345
142.80552641674112
177.7692011712634
158.69647708410528
230.8493645720038
280.0496148776558
177.67435145730957
278.1752280794685
176.44530914492563
131.40697429590293
565.1853937041742
125.8412364808108
343.35458233734573
74.11251668866765
588.3171130209322
160.34926966515496
243.31092934308995
412.4439172079533
69.59793745753029
399.21284825169244
180.25093292977925
110.94194583656358
35.92316365387062
202.53954531325186
85.93460620899327
384.14203419708474
185.83663082977986
378.2774409439138
355.7064553623933
211.0385164723831
102.5030758481133
176.2994483165344
373.6632375518295
404.5769014454726
192.89401001122314
447.8549702849473
95.61850195710687
149.9563115882924
329.306480010746
121.88760949189071
193.9248280847292
454.7586164289488
177.58811485715205
375.94137702556714
118.35014152508634
118.1779635951685
292.9022931078458
416.74514093880407
169.75346555476395
302.74221923063294
153.99081098810282
1409.5540832185684
393.5901664659758
168.99414814173247
143.64381908662284
113.66021481423576
173.70368097454644
169.90220927328636
137.93444699141128
392.3655677230836
695.2772657393006
207.85988934385216
1171.0676479042338
161.3389461176928
191.49423997950655
119.53280335969703
78.57400199492888
90.28019322939252
240.18218378231566
593.6933915275868
112.40380459125151
152.81702812743742
163.09109160359148
552.7794370490741
875.9020766241441
74.9357178401712
604.528742608537
204.49269367247607
320.35453682556397
599.7429413468918
83.31542068690516
105.76783147455944
144.65210888167636
196.46110139918463
134.81797619707672
256.7135068091035
284.848222157661
231.95673239458458
352.7485119145466
470.6091568904376
173.0350723899144
58.72570882716397
48.66235241943548
210.94699562992201
339.7821497130403
251.62523381109284
954.7290799216922
253.82599292608077
58.75330635056244
580.2922359304772
346.7242602907403
274.1747731408741
409.28403242787033
496.29034701973455
144.64620353441657
807.3140285489561
933.1683633918608
106.4201050459356
3097.0791324270117
872.8364472091422
376.22473609376686
307.5611986556386
978.146615252775
257.81011356384727
654.3088238879633
512.5058891890288
488.47467807529756
98.76855085768901
391.3038680598413
145.91503192502708
347.86219420278246
171.19645768731434
145.67431558489605
290.4261274576014
331.76167752642243
79.90790786264222
86.88867487555235
71.44787733351912
351.75002474715507
61.82484326250524
420.90114629607297
263.6356962419027
251.27759552164596
1178.5247491142557
104.55620542913587
193.1473637388274
723.1978549205431
238.07915399201883
942.5533518905369
187.62594802927026
187.1661044944997
189.28728674796474
614.3251642700156
585.2513030380768
62.07462850746553
274.20234058623976
169.48220951512266
150.26196165421865
166.29549209648792
248.97000912738704
151.4504408632918
271.2867476310777
252.66583664163093
140.1246413532144
111.0106169287073
614.6247857408671
1195.07557272737
199.79725927832203
194.92019295762674
269.59030116071506
560.8620031870071
42.48030857772386
705.0647325021783
105.24209878608832
275.7609734890955
836.9167037389209
340.74040797084035
570.8084488314208
241.90250183963545
67.9239384931794
831.2794460162218
254.47827400593238
351.20681604306026
715.4642509600791
35.493328054323214
56.68185803765414
587.6359849174929
449.79339949651387
125.62613961552532
180.81144537229414
228.44129805137996
489.2433362527181
451.5975855892608
121.49016726180878
961.2253560536014
323.3138772177207
201.50430591373936
266.6750830828446
179.47355824903795
453.8791304694846
147.82294742829072
185.42766441811136
421.85863406907185
457.15711542463123
341.4045163913635
122.48243200418824
624.6035711758007
447.8554984141838
278.49859309538033
567.5051474599646
140.12015113016048
160.21641441080274
142.24390389263473
45.501445884908335
697.0967501319359
179.91894016876273
516.9761836579046
314.39184359599324
409.4258448331242
86.5729094062106
355.85369323064845
101.41412717469888
287.83915670929287
222.27410657360005
347.8186705078522
806.1778983060161
210.65428972782755
133.94376791811095
87.94641704157185
345.0271289764405
153.75784436966848
104.82109597568885
471.0293917982515
157.6054762626548
82.45822574616021
64.9128098227571
217.58095894324035
341.285932154017
574.6460425273048
370.984453424535
430.6155912723058
1051.2775432846042
122.3697851631062
199.19974963344353
1128.710044758648
1310.7995626051754
290.18557703294675
281.0178295300441
344.4640411783041
51.42381239442463
155.71899325827732
156.70188970520013
1273.731547088839
244.54763128099844
116.73333538592536
225.29033082425897
412.7878114017034
514.7165966394708
190.48898606504895
210.1664773596243
616.0009681226959
132.79067134302798
783.7715722281706
777.3044925202393
280.4526850613447
443.5245869848277
223.1559031255633
457.3321697455408
164.88385712614593
241.4076182478386
484.45085126311074
224.43123294099664
212.08305551376674
388.8535651997461
224.54548607928675
194.81860255409404
260.7640862781659
125.9266874668377
559.3295453695173
130.31849153382745
295.98855659064543
463.95405452544367
203.61828845623964
447.25572437360836
973.5698046465847
229.08532508124225
55.45250425919291
150.1260322897669
266.91577182012065
568.1767049888016
449.3265629228582
131.86525648342558
190.3259286591299
829.1851949385981
82.66979213298853
249.97029741963266
878.3251874875793
256.1014418438706
591.9702347163817
239.2525847014352
172.42528420238966
180.0681917605749
322.8551098426482
266.58863142239056
334.4659752738045
44.888761053196944
511.3161966053775
233.18999503378458
301.2208831562732
157.64036649740473
99.95511736179256
414.8816746902487
509.4934373882745
152.6528307922536
600.979747033543
203.20836181365524
151.10305245660228
214.33990627521194
703.9767593131476
422.5890672953966
145.10971100196022
509.3587484445825
72.2436047920254
195.63200792572587
723.3012976647585
158.35868598510763
44.14830526871482
158.47051623382256
85.1024962896872
234.7784364036149
132.01894041462452
945.8704743804009
297.62397030196917
451.93968759397967
425.72232977187605
243.33488122361612
206.63963942848588
138.95623652847277
112.07266252787599
155.14791347845224
278.31054265642695
167.20144056359774
148.61209369658133
116.99792677982268
437.58005092828137
184.24427488362645
57.74298416022151
279.1167988204418
314.71164582665483
587.7273868114438
234.54383628712267
533.3269570710114
263.5318254100174
431.6969634622568
362.8414243829859
531.6062538652811
132.43587640519945
171.63237702100292
294.4579073959925
226.04060542430668
154.96269854431372
163.64280581894766
273.65720939420726
258.6359994034083
87.38871891678541
364.640654187167
373.17912717008846
400.0595631989679
789.2733473062392
167.7421714905228
101.49024538616968
158.18495076666036
222.0071125493681
1250.9788350865658
175.58161123161645
118.51918055381964
174.97061363887323
46.99757522447008
701.1001952473039
454.18421204335823
587.0341195623535
1190.524169288015
77.46786446299771
257.6877870202062
121.7856988196423
419.57915179778
275.2812232389781
328.74179789577863
333.09391127585934
113.41701037130443
186.84368860196605
595.2824608120367
210.67488035043843
307.99621852450537
90.61218683756272
108.99935394316975
144.2782551537688
434.8854711599446
88.33945546291403
787.3682935509906
159.86284246003126
411.35984326756613
308.92620298531733
41.96940305341086
134.105006890606
101.5547270215452
66.27772373586842
115.11910113913743
112.39143624779427
88.56636874404956
939.7473121688491
356.1718672508929
1094.7386129819106
52.356882345067646
170.70358390385144
153.60940274958395
219.4784707090507
465.7381528547111
276.9108741069592
771.9192617985999
134.99764738409468
92.60292053003187
853.7697718506323
245.2854699391676
146.99322244561068
362.2342257554402
41.402963261512994
308.351371445141
422.55462935470837
136.3100161799724
41.76909613903969
731.4672416790091
251.7440604892217
424.8795073649544
406.4253349945104
147.53021516950278
297.1633809060103
203.2168280292552
179.87155959161632
494.29986153848904
899.6717485684907
520.1950281360121
287.13855089679896
222.11770845958048
101.25148387253535
346.90513412006624
88.07964175761465
355.4278001755222
89.03532732662818
227.00235594377014
208.7027092505249
80.18635654556213
721.757922859396
825.108483645504
155.3961338952022
214.08529734287484
700.2266188444811
401.14112407639664
304.75387244046715
176.73433524543637
258.69852542008005
323.01521942181967
485.13762309072433
199.4462259956907
746.2818065855998
280.5662916162321
667.0502335802586
402.71996474659386
496.37326266015236
454.73383013602756
123.43096613226123
551.5922930708624
156.937033759608
89.05995783472697
330.8764939160551
111.7800632049431
1158.5838060736364
213.29396175606016
143.21398938966004
420.8517369103512
134.48221842639683
158.63376648407888
215.12670826975278
230.66121381566822
104.08320349936443
156.04314925850528
74.51546207598211
311.08507206256627
260.89551110988987
101.2316856886734
140.9959988902526
1007.3071006494449
191.0827633072045
432.47128286357747
135.10985212458556
1868.076550015379
212.23357805295723
315.3894784973071
171.97958475321835
267.6204550015774
175.3972465087404
261.38402038051936
369.17152878872514
136.78401363004812
156.4718752398264
574.1291754775855
674.4650287111654
115.02697640211213
123.332285004563
1830.3726975381428
106.37059783491989
205.26152806521273
149.9812729073977
263.9860953397026
73.52375294425372
45.13748448004398
110.491094848123
853.1635066251763
114.48855029566258
32.48754752345684
371.7882109861662
517.3392583413248
315.886551544981
234.61016980999787
268.65461432275697
121.62499350111298
152.98454413566319
179.01325443277864
64.95924691481653
380.12090676849084
279.89806790651835
311.4737163841587
143.7553116288798
192.1349732946859
146.71967327161647
67.68630259431514
158.19945248194946
175.0502468383872
351.4128101056141
73.7484949482524
202.21420915371004
235.0122015084926
206.7107747150897
69.37634005401391
189.63379408428256
933.7123480815133
376.1145579099342
214.19853859413274
984.8984011228727
283.63993405915426
301.8807964880999
152.89131315312937
71.00028187916301
74.07218954201359
662.6965612968697
66.34431180060416
220.55887599036046
221.36753261247694
254.56665183463926
134.00728435431986
171.77325865169217
208.6144240101751
447.8711153366331
40.66855288748077
617.0907229445351
86.04431910907951
78.25625619942686
329.8732497165057
1159.6798816160065
228.7894229179751
365.76745549433986
127.10045190229636
236.43589487111294
294.2613719373178
119.1436262462662
228.36430480944748
693.1191302123883
218.59875013461274
518.3052152867094
1305.2294112417392
263.812847265394
211.08624010976246
875.8900673710948
39.72883554034698
155.82162665026289
426.55526437938306
653.7845786623559
135.0159274636489
85.89477322212814
279.7071149999059
81.05239907204205
172.65986929008588
125.59219126048583
82.59379999210555
639.2557246668699
418.03917179500206
117.13892992256791
139.46304045415408
575.5315257497343
96.58308585332432
257.6055242363261
464.46499810707155
630.0551290243152
950.2623750182725
192.13267046336986
207.38425487457334
139.93291171761598
466.7636313843308
711.7302302631707
287.321940947956
137.57795535797752
52.874664900682205
869.0357734254899
244.51862671125613
1752.8250113161953
97.86850019041378
175.01410783885336
231.25943117620565
356.88883874084115
118.95656531010073
144.67133403063977
206.16327119601883
120.22764660388893
193.33987237858798
1316.4900348915735
486.5539065459725
120.38503784233396
123.01302832607325
282.7623864432078
89.35995122247061
194.11116257586465
228.23228266549947
1379.4895035952834
872.5425061641663
903.1543309917632
72.88414032795171
90.87995987170623
124.06342444270544
257.65040082875316
753.0865255543322
215.10225363387195
281.1485061514153
271.66599349657304
146.78768541798712
533.3603127885747
550.110301002623
496.4073043545851
461.88644703345744
436.4294368559289
105.78545898956668
810.1106189416519
259.06237805031526
185.9213029450229
801.4435102314769
2169.1430955683145
269.58402083365183
212.04366499962077
154.8209612647333
167.47912066768632
94.99941569265405
154.57504120601436
362.61224563842006
128.02876100226854
91.52921849649397
262.0876534038583
203.82081981197126
321.6970194883164
398.541988727958
88.27464185998663
686.2084179252818
821.3829167217707
140.8697755126718
567.8761862381348
245.995755831794
181.32929165128647
376.4788864438574
128.13986339021062
99.49835542320835
235.76135240801196
45.425665047007016
180.38194163847572
183.41110313689626
552.1902346677082
326.76865556124517
525.7019319882982
256.1928668611547
96.22198313241444
61.65812177507979
101.05545445560983
223.05001649815975
98.76246622611018
519.5677942643513
693.2944148149543
349.93767069453315
111.57598154967212
457.60750370690187
140.2735916181827
94.63118080631261
144.25828649772197
1162.9097179155
185.28551365538812
69.28634012169286
219.32128596140475
238.3487991727981
320.2594248092597
274.1493521505447
499.6420400602889
347.18380466237716
724.5688695784924
113.93447549936386
63.31701558431955
106.73220737107468
237.02546044812127
239.56309400029588
184.37294213711542
417.348771044479
163.4037833180358
162.13371509551382
400.4829545678193
189.71405997382885
194.96841897668762
119.6088452069859
351.179739129975
41.31660609807112
138.95081750422008
194.75290030305922
332.8364618458535
715.2861352952663
902.3295418408001
803.2724081979229
267.097710947374
802.3131791536811
318.246712889166
170.11922909246363
352.62629499290335
175.58900961693072
135.74274679315462
185.1088232130364
749.9569174262609
174.9009229310019
159.17828846543887
215.7870216694298
1023.862303546427
617.2334484536399
311.00481911234976
214.1147377091499
286.94833375351607
136.3378630137571
424.09573016723175
275.6836500198866
210.10167593869818
444.1919849131157
130.36923607499688
86.17654696264664
292.435456643747
188.32213404705098
362.16733572662474
83.34922349623359
1708.6740763532378
119.828800413263
103.51105118177338
810.3313630471444
159.85628116787677
171.37722450722316
149.9451608083348
766.0700442253834
121.243887607734
520.6450933488923
706.0977943360037
323.99570357198616
189.63544106789118
1411.051929815202
77.92488038817743
76.0263324542069
103.17421443200897
385.6495626500342
135.0211935210761
122.39179598450565
139.56081914823332
359.94298156477885
444.51493397789716
552.5292531721183
65.89407442753033
303.7286578321906
79.55901508935668
3186.726591150593
890.55894253531
109.46192818404916
396.7348820827716
264.42650303021696
324.0594774982808
100.14375132174237
46.04881041762863
238.9499034513182
54.861138153667866
491.74606247795987
376.9995826543751
58.94405574632789
65.32527812215508
150.26880434604985
304.41509862756857
81.29286945294446
395.36645028369685
245.95173081602522
136.07290157519415
450.49365300987665
284.7520546509613
953.133580619528
149.9644299271571
155.982489424133
465.957091838015
99.37610071115535
122.42410365227354
131.92624569695022
425.82595138670865
143.34495128463942
75.52714657443565
323.2101526352094
56.19475424308483
69.98843435805463
112.7937161314961
132.06660649760906
225.4927090072322
228.31842521214233
293.23786687382176
212.5933051028412
240.81450822188512
719.2990483087247
599.0620263894506
233.02664199653398
145.7090512939198
287.87080270118577
1800.0786975027006
592.9088968759903
57.61557043295787
94.00017965296155
298.84915243423836
249.9617888297105
102.66986252581529
729.5368541030584
399.0869986198994
144.3160287063003
72.29853591432239
380.8242640421829
293.2641386112898
102.21910362078282
486.21374771077785
389.3739013165798
127.07586099142429
179.52863406482678
1101.1925059273342
340.63432611769326
163.9601867055753
291.6231276351658
320.7039703975822
120.07483255187336
256.53427853633093
238.18168453124824
190.6377517052871
92.40623824280931
551.6618364658614
58.183733628337194
117.68822353956239
664.0734064499298
72.63683989166147
318.6023887655532
64.09643098229851
113.68913969791743
97.98172041097354
92.14472796056913
255.71193736377919
57.57873789150756
161.44278559899627
77.55300833011397
465.7144949942003
154.74753227426515
167.2974343454562
3842.130729043118
382.38513730930447
41.82647882327849
258.88254079977867
251.83730938773644
664.761946454206
85.42655835616301
130.72557953530307
294.5143498991729
264.43919393385465
508.2616889911508
281.9788293812687
198.95540095378885
90.54445425359523
360.49773183959303
304.5692702953522
182.8544025252608
107.68013896354975
294.3714385106691
79.65832475804011
72.45215556455567
132.7809207072388
124.52081663590465
111.36751012234487
159.7599928395438
477.8878081544085
289.3549162986932
267.8031013924593
323.48121290948563
128.50871687243264
484.55954251600303
239.54454320913734
396.05835856060196
310.12166720183666
304.28059761086206
106.92026753916932
214.70543252426654
194.13426321383673
49.890164946756954
61.26295007128067
42.99681148710454
110.71353813396686
313.0555301053439
387.4913077457918
373.9117477163186
64.49796610258797
1005.3098890232113
189.9576117913441
176.41845329602955
493.1198504964068
24.553352729071975
46.9574675355728
178.08071580342806
86.6785826086116
1306.0060968064172
155.76358159236452
92.12985604710408
90.2094685612125
117.06665944027054
675.8370402676627
335.3553514474685
361.9294165771597
205.70168673849227
67.14356326649678
207.70090909113432
160.19728469949894
475.72082549537845
132.61324103509185
231.5587025167646
281.4924974657748
124.63581658762857
280.1238634979027
312.97039149366503
124.51582340776642
114.47278124500463
140.42702055755498
438.82955143686013
591.9816344427222
1369.7720116987366
264.9905966823886
370.0625833343946
132.54155309253304
77.63412603017426
235.76660073232668
158.65656557795674
358.61947149633704
86.39067826653125
904.5922399839886
241.27840516821252
202.32477652102926
103.77877699832806
152.18145985899926
364.78933159237295
153.32122353282227
141.99722947861417
322.9837232684223
164.6909662200865
141.40542529340715
761.3579655095039
208.83194431148775
176.08405714222607
61.65832738865842
1711.5460910737072
265.0242443758624
224.88007118877127
801.2573026082096
233.7390260796993
550.8966310003484
144.34151593035776
176.42326727315796
250.7056818275208
82.38779313060755
220.5963419025974
218.6145554986899
248.31501086310502
165.27229522948394
200.43795246076752
577.198071222915
375.36932648610525
524.385561812108
804.6373018031132
692.2950697450856
206.75082992054385
154.33665838478123
527.5926125258457
95.91322385256657
340.5560217417218
169.6602848847671
463.89010666547483
480.1053111945122
261.7340890683329
57.5619256800431
315.4123087921498
202.75191617185746
385.9310507791131
301.26823444839454
176.21745820113372
239.30346323625932
221.32855544316678
141.2958913458447
268.4152175723699
260.9719963544038
174.66705881516063
469.0874868474576
170.55448565745482
275.8499781749168
266.4186351874929
217.10282585456233
148.53101598275916
187.47165746471975
130.50705773030214
265.83805573225004
340.08000656011416
1558.5917694293425
380.17186008430565
1548.9820477887188
220.6412663100323
33.065398769851114
450.7402469336589
169.9949006789175
90.18660535295044
53.760537000754866
594.2417338337737
108.64660391238772
400.40716934531326
135.48286110715648
160.25216834619158
166.6586239972154
106.01295057394753
316.7383000762933
458.812758384287
258.97864717813195
283.2180650470468
227.42140365248733
251.58678548965614
179.81753179958156
199.35516148475182
303.1000963618793
367.1885369794146
69.77164532810554
993.8591968298083
199.92586458353404
253.99028589713018
266.7956385880092
287.95222922170194
95.16571749772703
227.70947864957677
131.4061125583005
444.1530641052899
347.1366870395427
217.55342960970924
148.40293610451351
237.51278167326976
136.77854975905666
811.9097978204032
126.60750399713069
91.06873113115961
211.8215165002926
273.69930924830123
802.279317863502
366.8834667943986
488.6861892333583
271.80241193858546
60.436860220992884
313.60160047399563
33.58525985621466
117.45173369887729
914.4361630285969
130.36308637824567
311.62385574177824
199.55486005237313
105.46218548805163
262.37562902171624
299.59909470843684
127.93526413019435
538.8850481720216
172.5520950504659
63.32695635242261
154.88675763057745
804.6179942860512
102.12452863899063
481.48087495275036
157.3121471255314
856.1589977455739
2783.764944803361
956.7126151236736
50.337727053804386
288.5523779968887
197.81755107382193
232.21137903311464
335.28207615573024
71.85952823373744
867.4964789408506
213.6907964065988
704.6998266029083
111.63907170989236
688.9136929932719
214.27468183984155
593.0739574199073
371.96058407492967
182.84343641128618
308.25257699511474
312.8683999716237
144.65050101524818
334.8507031618012
54.93487287556928
508.18726524647695
152.09020936216197
396.2245833211565
133.209370433673
150.82891263997814
287.9875463931096
63.961842444759455
246.4271765649448
254.15646725949497
336.53213208759394
60.746720443567085
181.25633824708694
231.21365242171365
3667.2047952246517
569.1904718273437
242.15501355487825
615.001206643545
56.07209309733042
73.5707042009316
86.95852835791696
267.5324971424077
53.148901946906165
231.8992278697689
173.2906624411481
108.95155847112517
436.57615139865845
1105.360309960829
163.15863947096207
155.40030341528174
117.68822658654449
275.8179193237306
553.7075492318714
116.38866738161929
99.7911134479896
197.34680761270909
191.26753851522687
335.54238591589603
161.16636135383507
118.12680771294754
109.76745605473687
214.3284500861964
110.06616091021615
107.73460012418585
126.44999582097427
1173.4673561745133
136.14993471992204
154.49261418128486
584.1410310486192
393.38160177232794
209.41337972046577
110.32758930492125
835.413806142896
59.91251701811771
532.7256842508963
125.17927903533302
663.2829360319672
106.22571238462194
269.9349260291417
138.08795122788896
353.5015738832824
516.7791998902865
232.05738498015214
100.25164208056523
614.9000168890673
1376.1970744735659
191.0416796505416
186.42092939990295
161.66319593183087
109.66893375542497
4001.4852331338125
412.69160903079523
253.88111776835606
74.46199975449561
971.5758783584431
194.5497915893285
179.26991794576443
2026.6774111453617
120.07683146864429
284.3326213031106
110.55701955996068
88.70952414583184
392.1654289258337
38.50715698307799
469.4285123054592
548.0712144487736
87.69134667207297
146.29996914483212
139.61456248610853
396.95702116550854
117.23776614295087
112.6531558066944
188.2601759825017
1792.3122603397442
146.87168401452388
265.7218327103169
558.0000011728556
312.08361328139245
288.4995902509669
92.70477891308843
101.44935445490017
273.4833924943001
1433.8514922129816
1347.8987658400558
47.29780635199842
79.32833776084263
360.58322602134854
893.295149904267
224.56675858170595
147.5187407386332
63.82976775242601
141.6687139408326
359.0236127533225
161.78228690906164
531.813490864054
110.7794491504225
559.0275455365588
170.34286863943314
272.3237655520653
387.27875871142726
174.22746989091445
230.3281979157329
305.5575308902585
169.801834464523
673.962700547444
318.93321730431853
237.46812545289404
233.86614264124816
803.9893316647367
333.8010678539981
194.1921645083906
206.20001970023085
575.8034025192077
876.809536848474
227.43087351547408
152.52542235344282
214.6422150111243
182.60624562602308
501.64336020935934
72.942601999271
48.15762810242866
161.25138069178442
372.8094795205293
302.1703175638472
528.553106149417
1035.4493749965382
594.6309115984743
43.07460360895762
239.7912053245581
634.0842360261996
180.53777095459796
204.654972935697
138.43807723871362
185.79234267422905
185.958997349949
33.79284929932099
907.9044456408101
81.05376391617314
257.7500441487563
112.86810245461365
442.520395911567
146.79563735804166
55.11697209068814
284.7301431343876
109.69368555176442
121.74750614387199
1223.7445421772245
315.4173006516196
236.40140224256496
71.66429974518765
93.66550461536428
106.03945710151643
668.0492736454852
175.61553876804777
334.0366010099848
662.6163703209755
154.0116953079167
620.5716340633845
124.71489928645872
104.85806750936067
111.70114961885463
328.8016738190563
103.47711668140107
315.8450754277517
125.23844628636081
273.6456443728531
350.24437796700033
153.09132983146313
141.99090498662042
186.78747057066676
86.50843299014323
1210.2106778132147
89.49985867465514
255.469863533121
70.92963382194796
514.4251857150116
429.2249004427306
189.868530163121
427.911783996788
189.6996561306127
463.50824884566555
174.72482180299514
1314.3120449879732
178.87333305192683
2391.4614123526235
322.3917674773361
86.57235411366858
80.03573086259625
115.921894336304
163.68500703450982
449.6006596084691
345.465166166754
519.3013830132436
142.83828221982174
150.01662716383302
361.1475529470297
448.38668825450134
188.7138438566824
208.58381865576877
341.83415273994603
589.0579401794681
129.3456503959391
316.5109171022508
78.4242021723336
100.87131983147466
703.3673587746397
708.7505368135733
95.47727388006794
109.66497948898629
328.16055796097965
33.91334773499082
334.34940838315083
157.69875146973706
124.61795644912968
252.04996649789948
604.1547021556696
735.3424179216627
1276.672398097078
1048.568487522798
252.41423964274261
71.08087767450087
189.76394057818376
368.2315099799706
137.16620119224777
165.6264408564919
110.06243952078779
97.40533817007073
301.95141755233874
599.1581231235671
212.64882359775655
443.32829885455806
186.96559074616948
250.3546549468144
274.2659816625205
489.5695059384708
859.9742152083116
823.3102634191317
75.97396329925837
116.71453079691128
729.9064274341746
76.85612243961373
308.5435875862539
316.87474633627403
177.9509040141212
570.204122586841
84.28774289919244
281.2265222667643
292.0005102425107
83.02546526883484
211.7440039045283
137.55990052305407
267.7223033548744
488.43210491027014
94.58616463823964
84.5187355406197
233.5648886030141
144.28911728608782
287.1792977257436
106.51174767790164
457.1483544159747
757.7229532862725
369.09394376627506
400.20255980507807
179.8640571552103
220.51460575702325
66.82405770749632
288.8759911326845
809.0206949857829
379.16417692535776
264.0775747085959
254.9160909023341
462.8309882629794
102.59765034526299
136.92841750711034
321.0694618899547
76.23484788777698
680.7240465368749
332.9235738975432
553.0253718870733
1208.7780604497827
202.9092645755059
217.23221329083106
314.9510364971484
319.6503861529384
119.05632529314269
372.20967672102415
623.9491206468217
1168.9732129445779
283.5897014435162
458.3361054784082
78.86261078214807
382.97510495068707
1254.9581228800334
260.2214970221356
308.2873122337653
46.05344120683786
890.1982165237018
585.5241287732915
134.49348838905473
257.5021761095651
242.3854713046292
126.23914343215881
854.8852227168076
1021.4427655433237
239.13350307577272
641.7415058484464
123.98161235975243
120.81110562943346
245.73500823347942
1799.3180473608309
831.4593590606212
124.01684242188713
200.67170867486396
189.04772789580363
289.1322575656427
335.8447001203814
251.25111211198222
164.26016328255443
162.34893524319673
89.4041739882743
287.6747339958997
398.9087080992922
74.51954371396315
41.355010792847764
59.33364900867727
89.46283789291417
666.0474802014411
754.5825558138881
298.13629929887145
177.876929667697
526.9292360063635
112.58841852190525
234.9117553131974
749.5973777106218
250.04106765865802
149.30145131983227
572.4112702525435
683.0845831079358
250.33249544912636
134.66104525266542
183.6966641708043
316.54592785117916
266.8441577543423
273.0623010410351
153.5516894681874
242.76102942910674
105.60737634667146
148.73355681958796
446.35831647726536
458.13549922882976
75.39825628466942
88.62612637010413
332.5319687297492
120.29230485541788
439.03850633703735
152.91167737972606
196.09606127341473
129.9134575109156
425.48668597587243
150.08608022049836
65.72251460167278
289.2436307888828
170.53829107346561
372.4467047189154
338.20522059705695
70.98865940386922
605.8732639239162
274.3666600365673
176.83795277473482
207.50009891351928
310.3739199457302
1384.5369279708639
478.5391366733452
237.40526615000496
412.6190233005108
68.02856888573578
712.2309564550728
247.7691795430916
402.33372053708933
184.386403109881
115.35045274177574
117.6040850730933
868.7093334947587
376.38761903645695
232.8553592232519
752.2299075488479
180.72806203818556
82.78080853735467
73.86787248269708
738.5092031973231
223.71872797968066
140.23121975383975
266.64548354073133
47.43138859422038
44.55182600484069
409.03231573737946
73.4264610694792
43.56383230062987
415.0426387873613
482.66343586685446
93.83815420698991
345.77281246011364
117.2498129742163
221.89029877677936
82.48408034898394
137.34738376393764
170.54867689038625
365.1939440950325
184.1362071205141
206.24085956862945
101.9804901326599
188.00309310933903
230.02128397693028
165.25676370685068
216.2273769020617
391.2076367338632
139.54531726496947
885.6884489557247
63.53064160842102
130.60116060424937
128.6651150011057
98.24110647414818
78.25527390461207
280.9310568658268
154.10291169944563
130.89798640036602
417.45787079054605
79.58970245634865
423.0461207939728
590.6631206728305
75.0779976067242
167.38821687156243
299.86184692926963
32.38384937291006
117.08260569307998
476.7932561303162
189.41776253395275
369.9221766367302
154.26057180417715
143.96848467835048
380.8389632438102
161.72639135511685
232.16756530073698
420.71397949779384
121.43013963221685
