fX
447323.32129654486
734193.9627519762
296166.34907051147
230152.73209329657
245117.7067130838
365748.90958998306
143298.78294680908
269769.0014072811
260235.18238198542
469521.4312525396
194040.42757434733
188958.46281397095
171347.89483994112
328932.8475444079
588637.46118534
520553.30713519396
426495.8343923718
435935.4658814056
280888.2792464022
211504.02740291078
247943.48780833677
375022.1152101764
560441.9246381565
628823.7019680248
476192.88038499566
264426.8216731997
367144.1379294257
264139.4360147556
218909.22003329278
306534.9086461385
693855.8766803355
718215.9536719271
288875.6635518272
746303.0175032269
315644.7253909703
236998.65304852772
234902.2712963436
707327.1859708846
306294.1497835726
229229.9455949508
314505.81263537006
503694.7585404948
342132.91220821056
359934.0904946945
653459.6843027062
825003.6742483759
414128.5115909125
296719.5738119719
600369.5351638133
586174.3496493498
223421.6461448503
105572.00710578046
159298.59173208658
726640.5314904809
225565.07164033523
766715.1827552929
221426.12627786762
409488.66203759704
622200.7797746954
209222.76452944425
408310.9479092989
514897.4416274786
257256.61332951073
242472.54408543368
420596.9681817818
278313.07330619916
79511.32250636187
158972.50101752195
125503.196755111
207603.1574695891
521851.5851339164
130526.9834132933
319017.0108083245
857637.9554575221
314675.10897045996
328138.96843419
1084488.9066079136
252467.8987022603
544732.0520593444
323061.83440590213
555589.8081361013
288284.35034368664
216579.15076687458
319007.9790695943
432017.1508929269
241773.67959874796
420766.1502488813
456164.4547284576
465805.22810858255
171570.43856198873
192686.27222838617
255762.72292367858
301481.470979038
488448.2921339834
683257.7822648949
541611.066134479
554758.253454361
283172.9131651421
426979.41804541263
219329.05642961114
413227.17883878853
514643.65403142304
232176.79665676737
582186.062135946
944068.9535148635
386726.9367136469
241691.30645473447
270085.0088877008
477784.3918639387
261515.9183087179
180325.09001553303
132056.48540082213
260826.9540571927
246811.7868377614
231909.22079757406
420697.98073701607
267929.14487413975
197318.22559638295
245829.20419440218
294028.51320859464
633381.7659918792
283049.31953194266
499095.7357282178
134791.94906622954
393933.37267014
269241.7940593228
372122.67256747396
130030.56096272312
203917.18070621736
654929.576233878
726599.0692855405
270044.17708642076
94641.8688693227
394723.92002219916
413458.8616248978
1017265.7063627342
803800.5385865618
340824.8008293579
233038.92379926666
535891.7423283027
455770.7937226138
792108.2059736468
429725.78267907066
318845.60157382046
410964.33948653913
439180.86366613064
532649.6907832826
98712.49270938037
454086.9288690291
159708.60067243967
398379.99766773364
205052.1736978572
410381.00280395034
372511.402463962
167246.13099429768
201887.5640190115
329991.4770650271
349690.7428027911
1350147.2797413985
266910.7967816442
265825.5230345407
588303.5021954724
505476.37736240233
366022.56370457535
426039.10927658435
380185.7626301783
258243.1571312212
575206.1873756892
322629.5485157762
441004.89637947985
191600.1708513766
732560.5413566116
322801.73733781447
710486.7767937469
498328.8078452935
477291.07865080325
324283.65872399067
85781.94109430796
498187.4247659514
337095.5068967252
381192.7857371668
245702.2780716296
283423.33715139894
618710.577489276
400942.66486023413
1015638.9588689829
137820.38857134193
372929.489256394
508994.0501799524
249835.77361739814
236384.2117495564
508228.3232151546
599270.2228915461
266068.64149149705
441180.49203711114
756938.9002621124
221033.72016180496
557999.2730193178
503393.279192048
317801.47734976176
311671.1037046749
193758.08973695763
388607.3328902113
213297.23566572065
360058.5804366221
787780.8024117961
500615.17740160157
352568.22227246605
501922.300503415
200559.57259639452
499050.0509176892
121894.45521414618
801624.109389913
136694.18734749698
686416.0984053201
479500.1166837202
509445.9815902491
750407.5623667594
294464.04084798374
517519.5246407878
591488.3747015204
387010.5379776373
505608.57435318374
305572.4529456659
375640.5375825245
259434.04692701038
399891.58348855714
380719.0698938706
299605.4916584004
520660.124807985
316232.31549154595
772265.1711762715
214258.91784662288
447199.0671913989
574687.641892465
920764.5542886254
334305.77842273033
275419.474145529
319909.30588354566
545321.8679861489
333826.44529673667
454504.16809001815
685183.212091999
378543.37055775715
289074.60158793564
260397.16974563882
574543.7871458576
232648.3473621064
330448.1857214463
342817.09446578496
299203.5856422304
373397.8021063681
247218.91112405396
132975.01352576594
361742.756697062
728343.9786707788
490451.1392094959
484809.74169968365
256822.9743487166
270126.27520758304
220710.46196729128
537877.7882006954
400648.78517951677
322978.4475170178
845754.8192231857
434262.82735613757
198432.0839961744
293541.51987332624
616365.6161309882
1210346.6227244514
181567.52495086344
275079.04495159624
545476.3731069915
604594.4912391282
683462.7271856726
687460.6347252392
545923.1469210703
374414.3399511908
657853.2734032016
242360.91075278883
411197.8488072822
254909.7279484139
510164.23107319564
415563.4815287071
451087.7776690135
379153.6146233417
399700.6816492563
402907.6981783476
460220.4358647656
641597.6860159264
276475.3728367988
689449.1906050082
302885.65962453577
362432.60769022105
230628.9471760355
226236.4814779192
307363.84866384394
638049.2485451313
439409.81741086574
129591.0390385548
282797.4914788577
297973.9653250709
219699.5873005471
314403.28450326493
354914.72523130063
849454.7469810189
334579.08693688345
303958.21144294116
134578.148858848
295254.53274691367
288483.07565393177
1046099.7513088525
324438.5589711846
406452.5907294286
469328.13531934813
718250.6319117174
288600.1597511478
422885.8332056871
379833.92324028275
492476.4561254476
306913.4032999211
261968.24178373025
173206.01823780604
507577.9448555906
302166.74524822534
301376.20618005045
202588.95111575126
160497.04268212774
122501.38648596856
236142.97400461184
362807.1879788026
337830.98172331037
159763.7429141228
242232.91361432866
505291.4897237804
344373.61455357843
527313.9107012851
346899.44219963055
372870.56667101267
230197.24369320192
253869.07355104134
526167.0730253032
338812.12198314973
476148.36473783193
175727.462251107
482430.60157105967
328312.3672961743
292533.59719889966
313202.20012784685
268962.32223230036
366381.59574221453
501218.73077897204
661341.8043122584
459928.16763168725
689327.5984077542
236750.4970840518
280698.4906837546
365845.26209228794
822050.9636533748
244299.1919400692
296612.97444444866
696141.7283929329
506193.9891209529
565606.8235508834
290431.59046462824
119924.21882311864
597957.2236965853
1007045.6357737813
429663.32365441043
418507.63737126486
529597.8946235641
942500.2522422703
233374.7050462035
244917.60615677384
166138.13523851696
384865.72344289103
268496.689096624
210505.18734604417
318230.2116155887
141452.0748209819
301426.37331104284
448578.54610028944
276201.7351869818
159372.48416332237
383295.93314512196
552225.6748769036
374964.9782554807
599937.9314630269
428782.58236374706
319865.31732722966
585736.8526196106
231692.00156133145
807849.5385799916
227232.00938852597
623687.722385304
438530.1780734734
138865.23337075126
699017.934248685
211265.12322431174
872066.7010952481
516732.99284055136
354135.30108655494
690012.190606075
208163.82676948755
478602.3370226279
251833.86869448682
258631.18115465084
458853.89963186666
110473.5016412841
207290.1200550423
412328.56127911224
447544.4303106958
348739.68376693514
268662.2535296259
680170.6195889247
369902.09232418437
319645.4102480724
361955.2221635452
528924.9416015914
609697.4941086994
696215.7404477351
228217.43158620503
560126.2091797281
506588.58358076896
304547.4914723332
150116.83339902552
537727.7473543119
691069.8622845742
339369.37909669074
266028.19029464584
332109.5963658294
556891.5911969199
555938.6853402499
354860.50433825946
202907.73478154105
327737.33482493553
338522.68184355984
349236.91701578815
146645.534082805
430162.56372183317
771799.9446015937
639660.8998625302
193044.21250489622
464138.8424133912
645058.7760942776
360670.3928834122
300351.96368318103
480451.8437848366
700479.3344319329
307496.0752867736
320443.4093404983
1249191.4333488739
384252.2419484289
772131.0563542662
274493.51448644325
360766.23801262106
301914.2173772213
212010.87911909766
673364.9859857248
585252.4575043633
439284.10022342403
247894.6893987861
111229.4991459346
184733.47913052572
109902.78984525352
312585.69958189846
495397.9965493571
569656.1399720635
249023.60032708757
285964.8307280234
209614.17671287924
438589.30868906697
151506.59237096473
553539.4655619535
404611.8106649547
412832.576200087
776862.4965314543
470591.3004757116
325709.992195246
123050.88541117258
225464.53039155665
398630.14023599675
123449.37575004782
483854.56171430764
236581.3676514872
294555.244328923
439397.8862853917
209135.98825343885
405978.8588372197
450655.83445938746
493026.83357528195
386696.0418766621
349950.75161376485
241641.06422316437
631523.0348831763
214071.61092396485
505722.34026497445
438285.1194684776
364743.6220007094
321486.6534176353
483429.8982840322
513975.55511615984
243758.00714236585
427142.9069003519
183749.591870027
669902.2082712505
336420.5221834949
678733.1309477474
578935.1316904211
510566.32714141894
546090.0669006945
258676.1949183225
427635.31581446633
578838.5892097295
189633.43274947366
431931.5927877624
264404.23163124284
190760.49655270175
301332.0922414838
367219.28580221743
366472.70304163767
115320.02783096087
940593.7124695899
402630.79298703454
284861.3427739231
385578.4223937754
292222.4369856673
610710.3905658398
566480.647138699
266967.4548891432
311106.52242734615
623715.2698808322
569952.7771044465
572101.1929166127
216606.16739058957
310698.43856783677
726064.106916099
534214.2966098711
520059.0859406506
1007198.0284990352
337064.247203408
392048.24330074963
321659.323828169
242696.29418388716
308194.0611686416
408436.3603315201
233296.0639147194
479623.97748136893
226046.79346727373
192273.07901967992
440908.41539291485
352070.0770025664
187865.76041854965
287836.81061895995
380828.8691951856
338453.6172472266
635536.9986945491
222297.95292654278
220574.36588196544
838976.452285758
387928.81331021345
321072.5224465928
179306.95251075193
588950.0902516695
306773.1063906996
459204.72969976877
289433.6064366009
406161.56409900787
186012.5147327112
421901.95032831223
552688.2208435679
369664.16357720987
162605.1962499069
250519.75395388468
251600.21098313213
135167.36725619232
253257.06828973183
222433.86465341257
233249.45137631815
192412.68405254342
957895.1349247083
278430.4241253656
377638.87241012277
635900.5469536942
242053.85604760272
584961.0078881169
512444.97429537505
329884.9925283078
507733.6165824065
308727.24732478923
151371.09077756607
567025.510021805
206353.97099569434
167945.57094166355
518716.7208462306
488025.86360994447
956904.0252694854
144014.58127214448
327960.50609280146
376531.2157372426
417228.89924975694
452858.63480008836
413632.8421115093
241096.05768396467
508397.9549576912
533650.0546138949
342118.1099448373
164807.05949773118
352980.2173491253
153620.59604118465
455885.224279959
739876.1489195607
880426.4854839264
325023.2641634932
699527.053929454
197955.94269131165
513842.49900473625
508954.8251603256
185883.56623576884
290441.2723161319
638213.4902025837
270736.0601899818
443792.6448841282
527178.1508848653
578779.1430195884
432461.936641235
262484.2967401168
485679.22194749466
531466.6890356415
297843.30043595465
279630.93182825093
374110.9560106293
275003.3405394634
267390.9761386116
742747.3632947194
315726.9946711766
242114.40389726052
240285.8848509978
395348.70941393514
408858.2070005387
432727.247864551
336785.7016581276
483658.3293326679
366012.2227757059
265969.18154279643
288513.7483407621
256605.30171028027
455113.2675641097
460373.214822916
697043.3068890164
681460.7483339274
193923.82747803052
715388.5346959751
250677.88151991405
182811.95954058014
230308.62461068327
431657.2560319723
130415.10278870213
343599.32601945475
182703.3250848884
417453.57049226185
759520.971633985
235757.40602568677
109422.98448298921
167024.76690307507
175481.7840408772
391559.14919776656
267916.77877455374
385996.8895538635
160714.7130982642
207524.2963915109
353477.8641638583
332137.4684654776
545306.4068620515
650892.6026791732
600077.1875409174
405994.97301735677
281707.8716336527
427962.3851104357
224727.71806675632
500571.88612525584
314843.59118193766
468713.27196280606
392229.435839325
334223.96896121686
151070.30764433657
507132.2971558297
365257.53511308343
229886.00430669807
275874.83320163493
513589.7008192558
731889.7317777819
261276.20776901557
580186.7050805211
117851.99756636296
202871.5760693343
198979.74615100797
213900.12649577722
397776.5092685412
288810.31443660054
206577.5431839879
353681.80627350224
299020.77246062935
210237.15640505636
232327.9301727441
292767.2158443938
744840.7411565842
156945.12005334173
474205.32733369793
375259.67864078004
167674.33138705872
209157.944818481
239028.58768759746
302725.4927351248
173205.15030495502
401613.62641232094
380297.20939617103
329732.087875569
866842.0230814577
629786.6207491718
544556.8531312051
427615.16557909886
159826.8426825626
516728.6011230972
273125.6794570219
605297.1747547941
481972.45347128436
192379.63899363045
493753.9377640606
189750.19953919732
406317.3423620169
466560.65461235726
668441.2569667271
137603.34879373468
316610.9771115121
196762.78585297902
159357.88695049967
663000.4598883156
410879.6329928936
125010.2578109807
269643.6715286887
488055.52115820296
362973.8965569128
244358.26327161846
507028.49702766916
502217.9489919899
816117.6601074476
344626.1768668924
327573.2785746299
493318.8630381184
414510.7849891057
204998.31365645488
370797.19944249
472956.27968630905
304663.07988453825
585061.8168551528
326414.5012166521
434678.4577991193
399117.53443019243
278600.64076704066
694042.8824179127
274913.22367806186
219114.48817109634
562332.0809743713
885698.3374423981
335571.19140073715
473340.50148918584
607310.9644097049
171690.14318722964
91627.96918847844
258186.80231593148
336901.55690862256
301784.6600403099
392022.3756743972
389367.96985320613
170412.0739699859
473724.95498042693
185182.37786467018
238061.2148348202
253520.77581221066
324382.62703875825
453456.62053668976
508837.518680913
140191.7990576472
231185.22834789482
178907.64908643154
158578.4154367611
158027.31745526308
399004.5138983308
504309.21872683044
654268.5119660678
332319.03804628435
356541.73392027046
318049.9802420783
120309.84295441447
559372.0782018601
222216.97721863925
346303.69013009494
482213.91975813406
220118.70053094422
201721.4734451798
616913.267397369
368747.0976841951
256605.5021747762
326031.558613628
355045.7478420287
165430.4998438032
554980.0505989825
529375.0656243629
766877.9361097483
330850.19040224765
240189.04240228957
418848.11503403704
389079.19043572864
262725.82891265186
251052.12991105716
402338.59492077405
312263.94807818293
259219.19927156065
215178.0709906261
154944.814285382
397370.6219491261
211073.49065916365
258522.6880173263
587466.2884282857
714967.2866339787
492127.7154989948
346402.11058023886
317353.04331587756
137576.37130269856
264980.96834880544
861286.7584603319
550871.6400906858
362404.4546004046
674215.2187217216
282313.0595330139
314979.11745887133
191634.6146306375
253107.04667035246
615741.7981401545
655523.3031426759
255577.1263832776
237938.30195924698
255532.80044005124
458506.2477235286
321993.3471201652
410142.1092269529
429602.2396193827
1124043.2272542126
138637.3512509352
531042.700428053
534430.224697411
507746.85249813215
290257.3898401619
300227.99581558764
186956.65453731592
996222.4593401256
298419.86773119675
337704.81929941126
495891.3040455321
255797.55766627507
643994.7673153128
147063.26114044513
344267.89042380045
340597.3172404206
207608.06024035555
317246.8160015073
148928.85277884296
336949.1556695846
127058.43752633364
265090.804542342
293765.86973526364
286945.4851810094
377807.325498925
377600.81021132856
810698.1382032525
539147.6503154129
418171.5743612797
392134.76794484735
205475.38301908545
462986.99404163443
492103.5774679909
297154.66176686017
460194.76146509044
550252.3426199557
395730.5331423649
326539.68039584626
415009.49206070974
663787.9251751641
83522.26052233599
400291.5149502658
642938.6207978674
651440.6031701926
275154.48760173935
441006.18967944215
419585.077861555
816010.877870105
348432.20003474737
374087.25648920337
239571.40917836147
351411.00333785726
254564.05604253942
204052.95828631092
328647.21836213215
739614.1728110153
496606.71994232846
134523.9085775126
426322.8115648452
539703.4764265826
322131.0831238552
239356.37432315235
703778.0568643461
311499.3053555639
345751.6545484605
339673.7867141648
464434.25561019283
860436.5690054325
288243.95373184606
583031.3973614204
395368.3759971956
466727.7846042697
382481.8091381713
268185.8056127358
294404.26195647626
234651.49435096257
364393.41132152546
153229.32887453437
230549.38391731
469305.7955373466
279298.70789973746
1122667.344913407
542805.5522058711
521171.2670834188
421430.4904375055
456787.624719892
319142.0080359446
352114.78289243404
327590.0923807505
460141.40605290513
619623.2394771137
284989.05238316965
432310.7703168889
357882.18696583813
358123.5575087194
634446.5266221749
273147.26316004293
431290.41398339206
862582.0380483136
174689.02721392835
538385.5936430782
437211.5899403752
298517.6390433108
349103.2526672162
627565.1685419667
277237.8739147275
171809.05982256238
427874.2324456547
254845.0779227098
306924.7258843151
258371.20979030995
106681.53978916709
433951.20870158914
178897.43134950323
737810.8503919919
108655.68618576924
376073.30878587253
355291.6701860273
288909.2913527214
507433.7948988322
390540.82047177525
442459.62724247575
330516.4104365718
328948.9791345911
198477.4079633235
325053.7237096806
998651.2664144017
237831.10681307034
272999.0299563362
541513.5996097516
479976.0462063738
475536.4321706998
327495.1395405266
261728.69762325755
573036.7666529686
228408.07193832725
240408.78558759237
459899.78150112886
157791.81724995916
213055.96665250877
477625.8152189291
381073.05673404527
430416.4472591394
713060.968841828
391644.1883457335
350671.8512221475
832530.0991232563
294601.3529275301
623383.8457828736
767396.1277801115
464907.1382749507
470329.0547442067
432126.20850246004
318682.4816382052
126115.39810663895
503105.08578403963
241489.65785017394
426433.857098535
403736.97388854786
128625.99954114764
238686.79956966135
502649.7102320568
408042.52417263587
312130.50870609516
698154.6991009641
244794.07675880383
267151.91352969373
175473.8762298538
246492.71595895942
293177.57383071625
300376.01384117745
339806.2196761508
643011.7664456307
616567.0899213253
702882.3002971509
517672.85920739337
229544.2779529087
548943.039432625
348996.5224706194
595573.1868819518
177428.39628076582
437105.62557086843
641496.9831037853
688030.6688270541
238261.7383072199
511625.2220125987
557305.7967596947
422386.5923559888
263463.29082166165
779187.9331030286
425424.06401567743
436286.32323042926
634791.7290881504
355457.288007056
381975.4950202689
608810.8193648322
463122.580001143
480478.5232447768
405396.989717442
142713.20078058564
231938.68781056904
363622.78328439314
149747.05557487343
244781.4956491936
228363.83823658858
377877.78725244827
363290.5482601104
293657.4887612054
242401.65577722772
126175.85902728817
307704.2344132411
508792.8269075783
153658.10326262665
419217.95079744514
363033.6083219789
232022.723520091
236417.13882580577
517873.01064340665
792497.615551447
231720.6570893426
347516.8275543449
599039.5181344444
566567.4866510145
295445.6991629985
122930.34909895161
448830.62493856944
360916.1601737652
572331.3276005593
140974.8369081423
262717.84901751415
321251.7359794766
722722.4349734358
483734.2400768218
274391.99033313594
260562.93276643904
320643.85486072744
347734.63639273524
365086.2715379829
497478.41943055677
540754.1300225054
123388.95030593044
616563.5463139158
652905.8596808125
624135.7142908601
687949.8254939892
372184.93840961583
401455.30175487284
553750.4861672277
253977.75721302725
447641.1531475727
432724.66033158096
365022.684969975
822242.6477435556
339345.64849014516
924838.9429408284
354386.19809432904
240085.8233699614
349250.1941976608
198133.28126275502
228758.2002971501
490701.9373933372
403514.8892865933
452722.9902551428
133347.83616527426
81012.84681507159
690712.8220569028
886043.1896740241
283957.63887455227
539983.2377436854
245341.34477643887
479529.89963658544
342644.3942539899
130236.62692005085
323373.0116926266
490852.2613588471
398696.5431938156
288238.0249408354
549233.7860996277
276175.01456387894
380385.3629562822
312985.8878755771
308451.8707665468
649951.8983285581
443181.09939435986
109483.77397382158
365738.2620226858
234795.972185748
215016.74390342255
198147.5656219949
256102.25459694074
369687.27420371707
777201.0842263834
488983.0995788333
159565.37854756747
100625.01162248327
244052.35476821914
439050.2315148526
211882.7433327563
387077.15498146974
114385.707233779
270324.7704441835
535021.5778397246
278492.2393284413
337325.99981120275
231573.6706087015
230403.24364604746
929145.409764587
488833.1506173901
133059.20270216357
252413.0611813552
550141.4347732258
517101.393808268
890588.3094389341
250497.0782719963
439278.19908291305
386759.45076748653
508095.7808894494
243283.56544781444
458126.9937371275
689311.862648067
218745.3744306795
335170.732926403
372937.00779064605
495736.12061594427
498040.3632897834
313806.0628326889
225044.43713021447
438284.4698469454
507904.43266125355
696869.0946878062
325509.80959557154
386250.36847345077
262989.31612548215
491981.7727234556
248391.47936729115
293595.0887789755
329045.172325968
307151.30841836974
740643.9583041348
341217.75887177564
245240.18771803743
211794.47122096043
305482.75362069305
178145.79460539142
765159.494379187
393738.31436499034
194844.6591585714
462572.00280511705
355263.22873911314
929057.0521510262
410268.6538399102
630860.9910681176
221299.11748706285
373006.4787931297
371988.02578357526
267329.0591324243
485695.58646664885
213087.88369291378
218728.79892257598
510865.42090524844
358651.6655055807
502436.9664621569
371023.20948021964
257779.07091973035
287114.7818069477
243175.48623906702
503808.0240710409
287023.9588232455
212475.9210294991
464740.29833198694
295216.88740340923
276330.94967948284
286931.32991711196
583649.1336334713
288318.422195381
295457.4191880647
321267.5235294662
171357.89303000082
466693.22592475195
296591.857054231
448616.7973106086
271893.4946723745
226761.80725685763
384953.7377808235
171970.49380341853
379584.28378319624
666491.416398954
241780.61033439965
239446.05314512528
507033.26123347756
304889.66235323244
190408.47778468297
366006.9872703584
331972.6262844669
421230.9906667187
622216.5435675046
279873.13942222676
359039.2626194799
316061.80381899094
394043.65526505833
358178.1112071161
270459.93859310145
596966.851632064
362695.30985027493
245778.1765898443
259217.6680511882
376087.9114947783
321554.3060106576
278797.5268395828
494858.78615487425
403992.39360780886
102901.77471461342
485445.48695590644
398228.3587741621
611043.1757061434
714461.3408515133
557682.6672115243
121071.7615454356
410326.950158529
611916.0835636402
371056.43341522495
247844.400251536
499042.56508051546
265956.84437231004
525412.3404181844
256715.0881189344
326899.56700241385
257942.13687212288
491343.123971793
117853.91495334897
623847.2974168214
169364.06169208346
353889.00490463077
305943.1956875394
453279.14960845746
518025.04830459727
320198.8339930253
373656.5260019595
153887.05813947052
315761.9830933003
426658.93750062987
376139.45985813043
413109.0284277765
407353.1143553938
281689.77428277896
468460.1120763895
244407.09868007567
631821.2530141542
221796.3903857536
628695.0120315021
129674.5818519541
180301.64777623178
334991.1034089831
341161.04891019384
184867.1738477031
535206.251807955
137865.59886184064
590403.1119514818
241657.55699297445
210891.94907794657
254440.17528072486
312669.6557979519
335057.03651295224
237674.06312544522
170598.0269666895
286402.38576372387
331625.1687348133
235010.76554256867
378966.56832995045
192496.66975671917
380079.9584420806
862459.1318170115
229887.1275555757
477597.4298178034
365939.3771235019
664081.3981295559
223195.34855528735
310691.75061041664
336304.7793112316
191129.54444702793
301089.7044491094
336960.60254116025
498400.24068053946
436561.4995999382
332153.1688097113
816311.9142074212
207126.0698187878
287806.5231192566
309413.67012381175
186102.28860447538
255099.17775015053
204714.24025297823
488670.95369545824
330649.38375256426
348927.8323508554
299654.68472173513
331854.7986594353
589339.9994477478
595208.1230854074
259624.89553409838
515510.31771771505
377335.96181892464
533750.3032731196
281986.30024315766
492778.450517245
679013.7060894022
334282.0178326981
496907.1782561872
349890.1991923538
535457.984627194
508451.8139787281
356940.53471114126
163038.57998133005
110304.84669439237
324395.8146264657
530768.4416620084
461668.62266184646
236694.45431940386
706002.309158182
315044.8500657711
308416.2858933268
351678.14041617844
303028.7060948489
477583.4772578444
501706.7771559705
213274.94321068155
279652.68038367596
348157.7415240431
616983.4287294156
207601.8050084129
252106.031824371
381511.66075421
640273.4965293788
449382.0752159063
486861.1215272202
290864.56859078037
486935.84443151444
406836.81499825045
214954.9850923636
540197.0402778954
291814.9395749658
293406.53144048504
538183.9010727748
282711.56109914486
365587.809221289
385586.6061732057
459285.0283968529
679464.9074544163
236280.5118663752
219662.45880729545
205202.81366279983
247085.11961434718
457215.81848503434
477520.9993770887
637502.2716322676
449069.77866426547
351703.9066779371
888441.4486068389
332426.8292843577
593766.6442897734
366393.22652438167
445931.9073778144
531410.059195911
270054.9669391608
587280.8123574756
215000.24468330626
245682.87962318122
297671.5954120076
267772.2145324082
431609.4958206183
788088.5528476567
194725.00864321415
446141.27692521067
351172.201570588
418168.1724656028
729195.4368169014
160580.16385188047
340490.4047153028
243426.0609309355
612076.6808775892
194095.62405077595
666256.7087938213
746927.8692543856
1007343.5772910215
494290.4233901693
275444.41234220966
342603.2872989246
660923.8514617886
282085.4035123576
466287.4478777108
243673.59311400642
294548.6886972231
165217.14370310216
899585.2731174177
189164.6359648477
393089.2288056551
313649.93503497995
178281.23695409557
524434.0084934803
480167.0796640893
247415.98527756127
471816.7268090415
531812.620667706
416448.03751611593
652310.0702220487
256486.38826388647
488751.9242211954
1072593.3165665986
459652.6721354974
286281.3221855537
468949.25336462783
443096.48138038785
304899.9544663112
188062.57663910254
402482.7971700127
138430.81943121663
205472.31525406212
465319.06473174354
233145.07564643148
360734.935799473
493965.63180954015
379078.9774182336
490169.35295799695
368413.16204069764
246687.15828637936
511118.50564330886
238762.5485847775
419127.0680445132
361697.0622860098
723155.6605740668
424363.8413656851
362080.7205781189
524301.823108498
598654.3462831259
140337.60416130244
242956.68979973393
535887.4470421046
472750.76518598746
313596.92849562963
177738.4599820476
333964.81894320453
387225.00189321145
330756.8435537005
416355.6476300621
419355.6593415863
396751.60988712957
233357.98134141293
345481.5982456679
353091.3597448333
1219413.2785078157
344889.62396935315
191160.6124797126
666390.8251320272
244856.12250435224
228502.90400311648
629402.6354216714
391136.3466706959
641384.4183748121
1074336.2106135534
824139.3902651492
359913.33699526195
357126.84988577093
433159.60203484667
243518.2036569994
391112.6290291437
316076.58645237074
353823.9622116011
226555.61441267002
264920.7604086973
505305.0822191427
286164.2496274475
498941.0085139054
204536.21622405894
607392.390313673
218481.68149693625
150845.39546760404
680233.2860376952
469948.7630218075
961515.2098038221
287782.85268321825
155301.76554121322
284755.3458465934
248632.57423045844
183040.47826437152
375760.6727275037
379469.0942629722
487484.2572522091
339355.79519422154
293202.26778716035
562444.6321831332
283326.69816670404
204011.52430270877
483398.9139068678
365863.562464528
137617.60108201113
584070.9222435695
447156.0282162216
681675.7049357649
137721.1144697832
389612.30110539036
230475.8388369922
708827.651702937
510713.3290770106
178495.46429178675
218723.85091777248
361011.4005449722
265567.1636687785
283661.02746248496
273444.75565085944
421590.5529211856
651398.3597358168
233474.59184761578
243774.43999361183
263485.56298740127
725251.6853433575
599712.5036376594
247251.5716211734
244477.42273572946
664658.5110191572
311714.8691247508
363571.87112360593
107131.25134769506
182857.1723378021
729830.9238386169
240841.43412038777
806903.4005646155
391730.28352772596
125726.06438166542
337247.1328286009
278187.66672528745
456481.52199019375
246677.79655747904
307914.8708238645
200975.67296146473
225441.58841220007
284887.5522613005
523948.16496725025
554000.028327005
409668.2264889301
669612.8517887922
414746.7506185067
295583.2132823397
216485.38437283918
335201.45213730057
323264.03357562167
586187.431268893
498724.00455521746
126433.21918507747
492453.24092279235
331634.25892167864
386197.0810220943
262595.57499516394
182071.4941142483
579784.4295607705
504633.1364625175
322255.3537112953
513225.19444804004
477661.6017262199
247821.9210931293
762617.3986001858
753585.6742586343
470517.95937659335
236069.18065578892
501758.6841315886
208129.7575327486
654292.0030369816
307771.1430910483
399056.5404702756
360998.45495474973
404633.65049223584
372827.4419171174
331311.1189643093
839560.2448064021
130059.9593588423
527366.7863643916
331876.6275476632
120010.57559027246
347687.77120764833
651650.9954293641
411189.26926425105
193825.49424545837
324563.6519311717
510272.6270835748
105399.40238912418
389453.01179869974
380362.4038362407
324797.0952373326
443799.60029767745
207808.44786119863
248621.8370788374
199855.30038547082
413312.9068207993
720467.8443395104
401139.2822260702
227859.15498048306
274435.0396121386
482942.3260449068
219059.52963134667
832305.434347297
367941.61665564
289072.8354540243
271827.7713408623
268049.80204479874
250490.37699292417
219273.95937795317
241038.3207397269
455328.3788350547
245155.59190456418
647088.7524945106
195146.36183744005
152046.25805707823
150039.9014989463
471735.1652529542
802694.3670000529
401627.7568658612
778487.2427171802
358857.924683404
425481.9038960936
224408.839951739
494156.5383492357
326779.65550549916
423269.82082080346
317318.27610309643
475389.0838188291
358117.40419972735
105084.8220571567
204739.17055246097
245406.57640827468
330169.0204919711
422925.2560487866
251540.4877120498
168421.99227026736
276217.81777192466
207999.42409355866
270588.9893184889
260144.15853845968
277554.2275306907
608340.594106258
217035.0631103792
287577.27732710465
458527.78738099703
577484.660977469
752456.3965208634
278822.6563379792
193250.09694916045
150544.45871782172
333197.03999901377
597868.7493363471
217846.7043893708
331569.5219157441
537873.0676633754
279392.96807365573
517242.3848061456
760964.2259683186
649596.3143224466
351783.9929400692
484013.7477988788
312238.49200013845
253781.89451548076
413554.11508537433
330466.11668526207
756023.5206302712
716642.6772653831
725102.153176081
351901.0298109754
501352.1053538331
210303.25362117507
232476.0639605517
191728.8379547831
702653.6675561398
486697.19535228243
340400.43876654387
268550.5329517103
371111.787032578
567372.0275629553
344693.12826109317
384507.7307270047
738127.7928691899
392366.73800346284
364753.6226989929
572042.4960327067
578436.0032783397
401419.60330245295
324112.0547819175
394594.77567429753
301016.5593081982
434335.98730167205
450978.8640088245
310844.2288669718
480829.9989466456
179063.4144819368
353432.98652645055
423025.50129615515
399789.6247312769
273336.4835209882
465755.3303181685
482301.5167129248
665776.727550789
723448.3351604815
349791.1504157652
835063.9360787664
230561.55713118217
205509.23813594796
490269.0003201839
380517.36572986265
561792.3960570894
361754.7698360058
331310.84773206443
356271.544049256
275773.5830479474
151769.22802318516
401686.0876034261
291063.003160641
483421.172178112
100678.90811869231
233943.60442274276
344443.24207718094
1213202.8692056364
272100.9836251394
264681.4112842001
342395.23409937473
225825.26818527305
288415.02746311214
580709.8854831855
465283.58474299964
478769.1254796651
483525.1896580939
517317.97972800705
143287.15568130257
237215.85261409354
464224.70533142105
420603.6305575319
368946.02221151046
324880.8737163412
619053.8060477832
830365.3984715554
156303.90304601582
507415.78089487005
562494.5674036238
358744.3358523018
328607.5291928023
332666.08391290874
717362.6142709373
798012.191036435
384994.6749127097
1105907.5713695888
319523.1494432097
421089.4776605966
189171.81474349205
390763.59712093516
310714.10334320005
190550.63312245428
440755.03798474063
469597.4858811403
1073284.2604894682
406977.90947087127
381115.04731814103
224178.05734180633
356768.8380393571
187738.62660550838
224444.87485440346
380693.8099521794
145099.14263911446
436086.8868947184
321225.58668595087
458519.11211077706
442388.20790121285
1299623.9853673798
269430.4646801572
390024.5709238994
297953.17665635457
242676.89973924257
177018.1728211999
1151455.767129878
470241.4647283244
512235.9017165216
2010499.0848644818
400643.0021333242
527678.6753981137
500658.94441299594
291263.05722976936
545914.6096988887
281419.66535922704
520884.60636654834
271633.13447762426
300940.78950951784
383144.0857277221
468602.11672625557
300119.35439878877
313549.10478083015
455406.1119042273
740050.0390431748
319863.867041022
253766.18390115132
538108.6597275009
345222.90020600933
136099.93880525112
477193.4140529825
344213.90573350684
560750.2646731923
621622.2045734312
430841.5497591541
313549.07667172846
185811.63252309785
386275.5703524768
760659.3848682542
222727.35065881722
494900.83354510524
236395.15066666136
186464.01267362593
211130.29453701817
241905.58197388117
371648.6195669565
361519.47009151743
507919.80451264116
538840.8447075774
139622.73695174194
505069.7313213273
390855.2327520504
251523.50603690438
352227.2811644143
272653.3154610635
198672.0870504775
343441.56556881196
370119.8780852807
487549.9388485897
301508.571388879
521034.5346578131
460444.67656804196
303147.1954865699
121287.41938485962
283170.6888005413
1082782.006198742
438668.19504597416
519114.48183980136
646915.1255124938
303717.2715203765
178984.28676370296
369946.1004633736
381416.4860514125
504834.72979528253
880071.866221283
470972.7463005104
334196.18954702024
265024.05544325366
648911.1464532836
496376.8780971537
321374.02067586733
418961.3405934598
394597.65652940207
422444.70641715307
189853.55548852863
447373.3394060909
347349.0386993435
205537.73265580914
713544.3682528536
674535.5132196167
203552.19961417717
189423.39863129798
158109.31671998446
399908.46157431643
271536.1567157321
531881.7527964612
545571.5800501804
560827.2321800209
1134114.1657883006
408217.94010774454
764942.7863653578
625303.2515076725
229544.52883088624
563414.9783047206
433042.4777498868
810351.6642812912
176204.84256258086
88259.73921623452
144772.69657079855
486823.04265514977
523628.1380204039
265386.97737339186
402391.63768270076
682804.218609455
226660.1096125676
313477.91389336897
455964.36992775794
603317.3248060271
258137.56971202214
407976.04055364913
291662.34185146994
345971.7964745061
207588.37844805635
494004.3134164366
337097.4986504135
381209.73933688016
350306.21182312415
481888.4087361391
430353.3599326559
533198.2577862769
221801.08655661874
147820.93434584857
218882.4102093539
235253.78733140638
102787.16403077077
762187.4919591857
172450.0057965413
803938.8058683402
376209.8880526178
355829.9115342374
345989.24053929624
379612.3684382752
502594.71422285645
230630.6677754699
301728.62775581074
260756.26359351436
283161.4120161571
247924.22249838203
447473.38173644926
334803.1589922522
414249.90161892725
795934.3318543424
334808.9253146367
139191.3572696476
453976.47688216233
116228.5185844113
474809.81093145756
302036.9779175737
98196.14791465331
241754.23327536555
520896.7349303107
365782.79145631596
487898.2151417092
344535.48102452967
225684.64919512876
663506.7203870296
508798.55057374
205839.81903132162
357273.74831891817
291258.66526751424
473985.9498612697
558950.4695007595
350381.71166415996
168690.51225440437
356416.13315652194
128860.12791957606
617962.2109260627
388746.63955175586
309766.82003621856
246592.5457263955
496485.9328673994
370004.8195155154
405707.93845818494
282449.4310706708
