fX
-0.2228327800259109
-41.7912311190023
-47.64442139832074
-57.67679524923803
-50.49427636582659
-61.51648063903539
-26.12495311218528
10.849051125120965
-2.055525761812376
-45.90949215610336
-61.202768713355326
-19.14495609824435
-88.64934529883506
-59.52982328114395
-0.14634638201960115
-25.897413902430728
-35.2205576376509
-30.786566281460452
-35.29595548072035
-36.348295883136046
-25.310098965966517
-46.77114532782383
-73.17741807198121
-35.47614347155604
-78.82379403340605
-55.52876276743516
-35.51161635592217
6.6785276156083455
-45.44610708153915
-36.44819856448916
-54.626472855106165
-65.112200646425
-73.21023354851427
-48.691283725395444
-47.528981050920066
-58.77548574433595
-60.32267097160922
-18.118931615155688
-22.968430124842513
-46.056204866047565
-81.03025451499336
-77.86330785273981
-47.47038081064895
10.606641225836924
-29.764185244845038
-2.2803568713597997
6.884231479358434
-73.4360663034945
-72.36189050335042
-40.85631335162898
-57.16574780179248
-47.29429082378502
-33.75604002276722
-73.90619407600624
-37.188042543323135
-51.24605769257596
-66.64780859941017
-59.33087204145461
-70.34495544079498
-18.341816992606297
-59.251336678923764
-76.64604191130572
-65.12027898037265
-67.64906445912149
-57.530853699686936
-19.920318643289363
-76.19246607662183
-49.4140170030535
-63.64331470536368
-20.47174471087432
-64.48704255417363
-73.50822738147323
-33.86427811062234
2.8906581049105426
-66.67523861839558
-22.609200242064844
-6.365434314420298
-28.451051141640733
-20.028425496854936
-46.46680064240416
-39.37609929594271
-33.19128093094122
-52.835557205103065
-64.24535136166782
-42.46138347930209
-4.730107058475937
-50.55698669513045
-12.903049142041738
-29.76443742921049
-69.42477163362986
-47.89103386454826
-55.3300867046961
-22.193708174821268
-16.922089876264792
-48.528765784089856
-23.60094366990667
-57.854700784694785
-27.464151335746607
-47.07460743424016
-2.165354762323574
-83.35009485807873
-30.99078074998397
-23.603643127222938
22.147849871747923
-49.93339465363356
-26.352677953106877
-76.19653140859211
-55.68839292823276
-30.00873764805067
-37.30497611622937
-23.538722966529008
-32.621689933809165
-66.86971091683742
5.7187415947195035
-43.15247226505458
-45.243142540909545
-41.49485678865417
16.545595867133443
-24.149498522478737
-2.47089789452734
51.95599547757436
-52.06271150204345
-45.818905810126665
38.28502222232558
-55.95007025328502
-55.460618090752526
-34.741461012153735
-49.7755952887116
5.756741217634968
-40.886914791307554
-36.78609031652945
-25.963007786338622
-61.851734787564325
-43.014762125744454
-37.1871457197625
-51.3137266887936
-79.46352288062369
-21.044539341838615
-52.254365898394894
-64.51971302945779
-44.87864188625458
-15.091396719914826
-47.4806735260007
-21.777554844029865
-13.51050812624537
-47.01141584646202
-69.98502541756214
-38.29036124165424
-63.93345929557252
22.443059942018436
-44.622283060240164
-76.72066689709452
-40.88650658335388
-53.16284192261671
-23.809084462264536
-59.691203813905986
-63.41409131116254
-38.02781153872641
-42.887561849815974
-6.219219652777483
-9.75460877863317
-63.225454156659524
-52.864971096233745
-27.75878386596567
-35.27192893743634
-38.3547302507795
-9.592359845730769
-61.26810007810731
14.45435640621099
-67.79937224467778
-67.9239370630519
-70.62417131110773
-51.501921006495635
-58.91093713782423
-41.260929944731785
-39.450524336417665
-42.031043453928646
19.93905649096412
-47.63265003154893
-45.92483498446995
-55.4956292351863
-64.81152710729872
-55.01532386438197
-26.551548892579305
-70.27408489940152
-65.06015488895187
-77.17445629391074
-10.80865704816378
-41.07176161881268
-37.11135730334803
-37.18972782404313
12.485562101496782
-29.740516941193363
-14.405500690625615
-45.647697232716645
-77.67494547871331
-75.0562291507589
-52.26087196218421
-52.8956874138824
-23.181057061393716
-41.67259509385455
-44.20557197040568
-16.49227439642948
-45.71779573665762
10.499439663294083
-45.03010860922539
-49.618816402850506
-40.82504658434605
-40.80505772206389
-48.75991324533471
-59.34272443848935
-44.332195443002256
-74.14734455677463
-53.082666071261585
-73.5265793847587
-10.187436567279619
4.261768867665154
-34.33932181810877
-55.704667591356404
-54.60881620862265
-68.71173844565497
-28.228464016589015
-65.34921133723176
-39.8875767709246
-44.23888664174683
-45.429818415046675
-55.416708963824206
-61.19576812971641
-6.600653923094299
-51.402437033517316
-4.4989884497238535
-15.998326094690626
-6.399087479539276
-12.740740971579669
-35.68480495131203
-79.05483643015509
-69.52167036938545
-68.49810098732178
-35.94189739618132
-8.455409701625214
-46.83738947730385
-37.034469669485645
-54.58189120368548
-63.499489048674576
-27.592642636026667
-37.407709194276734
-60.38219568010025
-46.02535573295694
4.228853173506877
-52.489949631173126
-52.20446437549558
-32.83481308781775
-46.34751140070525
-20.695578070338314
-16.409550243415126
-56.95210069954875
-45.269592714021115
-43.257979497352444
-24.115029824077894
-74.18315141500379
-62.70284084045332
-56.42980612735586
-14.406572412664602
-42.01609545558582
-58.754729453499564
-37.62552866449737
-24.932555221501232
-7.23951264992229
-73.74958163225011
-72.76264086803397
-77.7067312087359
-60.92979135399291
-17.90958922626554
-58.235250278392265
-42.953586638069666
-7.354914675107295
-59.61560496979782
-38.06276939759037
-64.57431708719015
-62.66264980313826
-48.955619212356964
-33.40461325766205
-34.22822623140554
-34.71106100445556
-54.067510551695534
-60.25187651355015
-23.014535084738455
-63.1258654933867
-80.35365722952866
-29.421354563183314
-36.27386884045367
-29.4974841738358
-47.519192864989925
-0.7650516826165727
-37.761108915806915
-55.85952509015003
-30.728877075526896
-54.56808167065365
-45.34306538669183
-65.79262958739677
-60.673164461404326
-52.89396848166797
-55.965805534270054
-26.560568513893102
-61.86698366569405
-30.649310634605882
-58.97438825734593
-48.54225147011015
-40.64276396068366
-50.18004991447049
-60.12812329008394
-66.82740757470756
-29.565313279258547
-39.153306632970434
-8.391551034671437
-28.862068266957266
-56.06973481039443
-11.946185370947134
-58.14765277694476
-49.391336069269606
-18.898200391725013
-41.48085349875693
-36.16603546206605
-34.90829951857833
-31.485903376000437
-42.56402076705736
-76.70776950387135
-69.03584843720073
-58.90360566312651
-25.322200095669047
-72.4999459277846
-13.275585751947744
-21.456635287614077
-80.68833455985106
10.940730196242129
-64.46458098381993
-66.37029728735718
-64.80428276720139
13.050031840163626
-7.083646051348438
-67.97225900365869
-65.09364292251553
-50.75999144067199
-63.51448307393751
-35.26866203396045
-21.81749083796231
-12.948850543309277
-60.54740465684517
-60.47134665924009
-62.34409141427858
-40.52793401689591
-46.501430194065186
-25.006213461838257
-48.720811294761
-14.383629189076345
-14.055271975283048
-58.25401846324318
-56.8562237102865
-8.157516175890919
-72.29325315585575
-76.49855731466295
-23.975520476826645
-32.71901319191869
-9.61652395913886
-44.588604710882464
-62.66410956634592
-38.12925281076896
-56.49389576205774
-62.841553682992014
-20.45957198699753
-26.941172116681273
-32.0598119051227
-49.64426197543224
-35.575096324913545
-4.087327921464336
-31.37499180709716
-32.2037512978697
-59.710312311286216
-20.816483612574146
-49.77806599884631
-9.805180498266893
-24.86830202407984
-51.111433679405394
-62.136733280507876
-79.35544149710728
-55.744864152624835
-39.54933259698113
-79.91805934918766
-26.40080197627141
-63.71637717244958
-45.58508354810833
-18.108480812782958
-64.12278557843601
-41.40158895768451
-72.73736724292183
-27.945814829478394
-71.35648042189591
-68.00497169703522
-71.97574959942709
-48.34436668063809
-44.990988693996144
-46.34033736719185
-56.41028055712129
-8.565298449737796
-59.458866528902746
-51.22303962937457
-51.262887531465196
-45.033730932502536
-8.433543196885765
-44.25685557653469
-62.251423326738255
25.66609694843538
-54.326870058810975
-63.82974311666442
-38.42336541271993
-32.65889584626791
11.523517898268977
-45.39006636951847
-56.47104789605139
-34.38090828903344
-39.66778107694636
-35.14944219951559
-48.73748910717493
-26.78249568266419
-32.72488614309546
-15.76896676070541
-20.38692476293228
-26.432033907886463
-40.258494314942794
-58.77919331504626
-74.54643919980263
-71.82939854252652
-33.55096135278386
-51.554122721547365
-71.14737758285119
-48.38782311867145
-56.72206399952199
-35.451021768858794
-63.21420432753946
30.99905738862185
-22.151508667223524
-40.01521661237154
-83.88281139091586
-32.78044001800622
-63.15895697395017
10.975537034426068
-29.778179734194637
-67.16433736307349
-47.40136691560904
-48.57125491008007
-30.734609874002132
-66.92613165087944
-16.585608053278634
-42.10260062820644
-71.47616769618584
-60.90275793483633
-69.32445468730693
-49.16091508403437
-66.12725398337543
-45.847735105975644
-49.46605954150647
-30.445770795278946
-67.62991978848672
-25.031345688368134
-55.339807416521495
-39.16588521575054
-56.70273566556767
-30.011925426078648
20.517375874068406
-41.866972246660396
-52.83589842327367
-44.36166955331257
-67.52969909402199
-38.6048884508796
-41.47772057003687
-50.82062149337153
-53.878312235416416
-70.75400553700212
-38.76778095387268
-48.29428521700678
-57.23103701325351
-43.804054216921394
-35.060939926562526
-73.6382025816039
-0.6724347463805032
-47.645924617379066
-62.98092634136442
-5.5876526051611535
-20.491541236912894
-12.29840795190539
-47.85890886644986
-45.68613944990353
-31.309165211182517
-63.416062666261055
-9.431267729297744
-30.25943982317284
-49.20003636533364
-21.242447552147567
-79.45412914964322
-25.733855996411577
-63.214876650333935
-66.6671043717368
-16.319069627124435
-15.82706614601176
-40.986411074296015
-54.79793277089286
-57.38950293614975
-47.2226593933963
-18.51967853295173
-34.97162785981877
-63.06675248539199
-69.06528662874274
-34.51152498254878
-26.571981893413465
43.32772051853024
12.626025559737585
-64.80073165600535
-18.914938096272152
-20.76668025729343
-69.01951491989564
-45.37386058551671
-62.168216265217964
-6.223565210824447
-46.714962123820555
-66.06027202249548
-46.51317761202084
-63.88022182831946
-8.590624486529023
-72.62346859528199
-53.34385281657362
-46.63814699639623
-40.170672621775005
-45.98586064852315
-60.40078258485109
-62.7028308818118
-30.476895696792354
-59.3690740043534
-8.097152549622265
-46.18060181652509
-47.950543720138505
-28.493597417452918
-41.034088047152885
-70.91119297384753
-58.74629398531598
-49.548631992264724
34.463136164107425
-64.4230305531536
-25.480735727838862
-64.65438174733035
-26.608937234997313
29.837340989227926
-49.45984748392835
-13.579287470600391
-15.261352545751606
-22.98698132218101
-55.193979030802446
-54.41018066144708
40.330766499379735
-75.63943228037213
-66.05685899827927
-56.68220462264426
-62.609373932400615
-53.426877588142716
-64.3532175675323
-52.78654396278897
-57.44260660007446
18.084439299769883
-45.35538951061946
-60.200544534830605
-60.143540743098
2.6040320443330387
-73.80720780687612
-61.80135910725603
-52.35620311088801
-39.54683759173305
-60.308411542907336
-30.325758947274025
-16.58396418534204
-2.7121269338049387
-56.502322529435865
-60.99806727589841
-51.42891935096398
-39.3973227858693
-6.021499547688421
10.339946662486554
62.353692038708374
-50.38767398365967
-35.5443107661508
-72.09957258164928
-20.94730578765754
-44.484375423972224
8.633834754487978
-63.901432626221656
-44.752255160950796
-63.475452513112344
-44.74616309083897
-50.492063154001336
-61.928907398376175
-61.68940109460064
-21.34500114381035
-45.27965856405262
-57.29080241863409
-54.76134854769219
-55.029033682495786
-59.8947661996398
-31.700186029381996
-55.97954877717231
-70.88071297360693
-40.381014533426104
-47.38667523538111
-49.07988769797569
-48.40784246898821
-41.268759157060494
10.968415247921385
-37.03930647878005
-25.980235938813493
-60.1566279232169
-37.18499732668826
-45.64714567166023
-36.30234350328021
-76.13130675875104
-71.83740022508947
-42.250198511281376
27.763032737238376
-43.953881505501485
-51.26431501603851
-8.259716043139903
-71.73906947554873
-45.234736917203826
-28.813595813083708
-36.32916762300812
-59.365430006156544
-40.42193588873796
103.84772046318241
-34.223734804703184
-44.80314964224008
-48.10676144487655
-69.64893656327354
-12.587303572620925
48.93432204240128
-5.704867060486592
-39.74823560977592
-39.461911707631906
-71.25025035741749
-40.5624263900235
-53.069027912798354
0.07260679314218521
-56.70127956009129
-76.50257536233462
5.396638695978709
-46.34494032412733
-43.280532431042225
-45.11519602657802
-19.8232777811414
-0.3964326480471527
-53.34153174231723
-38.62309798082081
-54.656389103389856
-42.45112647421572
-53.015724295214135
0.1059045398207843
-2.431464000677508
-41.045247630583816
-76.07202432058634
-40.54771788805763
-48.7197364984879
-60.099735876612854
-40.368463304530984
-54.628272137232045
-50.172461331911414
-29.029149812446235
-33.98634399355507
34.74721281129206
-30.479944985614452
-43.681611143291875
-46.824853089237074
-45.0639705564135
-15.850117041692855
30.78708602877498
-37.11309799959841
-71.90864686741581
9.820946975822466
17.115091329766486
103.63033139320868
-16.38229089667938
-21.13365589323186
-60.5743079427014
-67.10433675657195
-62.73886245061374
-73.98631140576272
-55.86275192390946
-65.38784885028973
-59.68950816161101
-31.936664786506924
-10.519808652806262
-49.31757658662389
-61.82318515153543
-11.961723832450517
-54.871791263134035
-70.58943969866901
-52.122851234057386
-49.53068775962808
-27.582911687655354
-8.286642055751884
-46.07467744867522
-56.3106427396315
-34.40566860461381
-69.4493639148071
-40.13202517811451
-40.92773752516229
67.17702250863678
-48.86073416261179
-43.030728012572524
-50.98084583755097
-46.60219466332302
-50.27906100563834
-46.28301561793151
-56.62657966898035
-56.266071700692315
-67.91111238630981
-22.982789586147717
-50.775888167164545
-36.35286211388406
-46.72196593823903
-31.23269320437994
-63.50304869070618
-33.41379047999199
-33.09762267255829
-49.690840552795876
-14.030956049821356
-44.10159513547168
-40.55073476309582
-1.4749637030638638
-61.41574921079433
20.266069843901576
-43.58104532248552
-82.48480468994778
6.64209016689486
59.195163596123905
-52.87646627519563
-21.954584558876746
-7.7448564783234985
-55.071440639304626
-64.8056987431559
-43.919306055740165
-46.08787680057237
-56.17619222500326
-39.29983208484143
-20.475147319585872
-49.223347091644825
-52.67559405519809
-62.005710520692645
-22.603414141552463
-76.82801532847874
-50.79191070372633
-68.95033445743464
-60.48576647301081
-50.69483464906452
-73.37507593501186
-67.2403468593421
-14.521526539101416
-61.60694634283963
-51.23706114371634
-2.2269682425249044
-49.35241633914899
-51.33298335198474
-26.074887875222615
44.98058638474376
-37.55956798378659
-61.975720119731854
-68.43958885073492
-3.3450093777713192
-66.60788112930975
-53.736419205307605
18.798034444944406
-24.945295989902974
2.0875423125135484
-25.246003028103516
-76.60520244281204
-22.794973432923854
-30.138074380377986
-28.59133276954718
-67.80103182040361
-65.80606531297046
-60.782017209509306
-52.71323201668839
-69.18021846173731
-61.7269380003505
-61.333983658760786
-65.68214016604827
-55.50956895272156
-74.27202275026355
-71.03372147429793
-46.01910578084546
-64.08797575867696
-57.552637026216985
-68.95199657576663
-31.469967204158536
-0.8817510857687836
-62.63759591480902
-71.21029079660345
20.439031300114905
38.559939215053106
-34.07384507118395
-49.98411275179349
-27.69158037155782
-25.868761561118887
-30.172324514738108
-51.244773940514335
17.676128623504397
-41.058006565441204
-56.98898253680892
-19.11253492055748
-55.84675474813937
-25.374632823528415
-67.25406625469665
-49.018186255351566
-38.612762264004274
-19.115701900553702
-18.046967023202356
-39.25107890069458
-45.16345081926167
15.595373300617055
10.940464541492815
-53.358870110925956
-8.558120492180336
-32.366775550659696
-39.92389335306963
-74.36400140518835
-57.11120659351801
-33.220568184289704
-62.46127740678306
-26.930418131773138
-56.32724532441703
-47.76899150709404
-51.43821214207997
-77.26181328884736
-55.680136302129036
-40.23641219845372
-32.2386695648362
-44.66803361655169
-45.531599455460594
-30.101283152626138
-37.28687041285308
-61.8129759077401
-74.20131778585261
-43.7902760857068
-75.1917318548636
-15.02191718955423
-53.382381715764176
-78.4579439488149
-61.949003455028276
-36.7132793076546
-49.23215641892804
-86.23500172144806
-31.435361941566697
-41.956066466598614
-53.66607122270791
-15.438715731069223
-44.12445673790673
-4.3377473434485125
-51.84407787213454
-68.50045719956123
-2.366528466171758
-40.26921258343307
-82.02196182287321
-32.211676080465054
-22.82630806063716
-82.0972872503767
-19.743248188425184
-67.04022376660207
-39.69600804378922
-30.347589600453546
-33.20366843318753
-47.96966951236799
-67.04446135535355
-33.26091099231323
-62.6447032668874
-81.69675807606801
-46.391845951139295
-38.663023887522534
-29.358854051420877
-14.856441948445621
-33.58961498823035
-64.86400030032948
-54.673425217188196
-53.94684077597158
-62.85703575712152
3.3320210600262072
-43.378602411827345
-28.289735549821444
69.25436158778476
-37.99576286212826
-46.169840438543005
-16.463697903185604
-51.74972046538526
-33.64838186459146
16.822596180116747
-43.50152854442085
2.1966939948058837
-53.604567660650524
-8.395258261355124
10.171645954894686
-45.465909142448744
-26.508995954057852
-47.31010006250933
-40.13009666656233
-29.78808523670905
-53.43058647699399
-57.88652649366034
-28.016746007069855
-19.627468778833702
-43.501712632328754
-45.61070978800811
-49.94464502445186
-37.722972766050006
8.537343421218551
-41.72863352934508
-54.33814989481272
-34.57001859073955
-57.933697648609666
-66.0819868897858
-32.508761968783915
-23.75326355063646
-70.06034321342105
-35.096504867636895
-35.50809012014693
-55.32514079127609
-31.97756633387877
-45.99505573105707
-60.017959806561265
-60.82643695160398
-71.87287646933456
-71.90957101046537
-51.60468218990651
-48.194844722808796
-12.0868616525119
-38.27915540370587
21.315135349892287
-49.56248864134752
-38.50574419725237
-33.558609764478476
-29.736363646191307
-61.02102668740322
-54.829239972085475
-58.472147871441656
-34.75028705898953
-46.88952128220897
-51.85670248690066
-34.65940634123018
-9.904776832409524
30.245280261413427
-32.673730814680766
2.773992547614654
-50.36359450385609
-70.864015722213
-28.953398646311953
-18.962266813604217
-68.04713117823052
-36.79728890709025
-25.821615525048472
-42.96060513132136
-27.73383224772755
-48.59692074609446
5.783989979813569
-57.50947311298421
-68.11396862134292
-19.279526967524887
-55.17480048315366
-6.091635395091089
-44.33236983683585
-62.75718798276118
-80.20934470786993
-40.9788320530407
-15.793222821302209
-56.995976507481465
-38.96515571573075
-52.69732288074804
-40.58505751129828
-8.436786786481036
-52.11375651097431
-61.58083275470074
-41.995691246856644
-52.147010459735334
-41.03282493114773
13.777673955118189
-41.141026692695995
-17.335710381354744
8.937607727196195
-50.07934125948278
-40.75540009758151
-60.53164751721225
-63.38471641324551
-72.64928816253054
-57.430296787450686
-69.00401785868029
25.791281801160068
-62.468968290566934
-41.524187702947486
-50.22198350996058
-23.430481873845338
-20.695438763982068
-63.37972100089277
-54.815559504862165
-43.7649238168171
-42.02874191250681
-11.28538002157299
-67.88160759499452
-52.740255407999236
-51.454574466340716
-56.61090071690946
-72.10206357485593
15.437110603318317
-62.067616489626076
-35.51449698849453
35.583406148346626
-50.506875839927375
-9.953929957342325
-2.4313474609563173
-34.92426911997066
-57.31630618465939
-43.94545941226816
-20.891691673928563
-71.1809042283474
-65.27165428545813
-60.18978985957894
-48.62415687717443
-74.92693635963903
-73.83172062099914
-60.91510233373555
-24.640657452961378
84.45627118449616
-54.052624771816106
-32.22829982063418
-6.166182044467732
3.606006988996114
-14.660092718267137
-71.1176921298753
-33.9383571352368
-26.18397964034736
-2.4384468047066576
-39.34182978137014
-66.67244549886959
-66.5680525766516
-42.24675589505074
-1.1193216121000376
-30.457630274781366
-44.10881431738497
-37.144119562186944
-8.472260503599543
-10.290147569015488
-11.1613904121984
-32.43662311041693
-74.29879887263577
18.46132346459727
-64.02797415796361
-34.85480759836342
11.130506716409215
-50.058755374349076
-50.52575108487543
-61.94792971287814
-22.581251417729234
-68.19085709373827
-51.49713348445454
-39.377660357427175
-73.2560886032243
-36.86851709842426
-32.53457121789549
-32.66797136941595
-15.518880597739525
-17.974377097867333
-75.88890338418248
-18.34466792797734
-64.84122616542813
-2.0622389696137446
-55.00207972138702
-49.8237933079275
-41.11944411913236
22.589905526354258
-19.51546828063863
-69.99392259234834
-45.32690892821042
-38.28476208089711
-64.26610185841855
-48.71580411902774
-22.14496389729267
-39.41075533062664
-26.232541959656203
-55.523621483227195
-36.282125813090744
-33.13983004660659
-49.47054011677925
-68.34374234455792
-51.98637270630212
-54.87199737835685
-44.25701739368227
-48.89343386634547
-59.47902686777216
-72.33507277412198
-68.31699280411328
-53.378253037333764
-26.93903231829563
-51.43314724780407
-69.20615133806196
-47.64638015704457
-11.431467413901075
-48.1660619641112
-60.061113744486775
-32.431212919118806
-51.139202362041914
126.67715989679448
8.55438077835528
-54.322629024790665
-23.761832271827117
-25.566243066238883
-3.800043488904592
-35.83802640399287
-59.94364654994117
-36.66711354355061
-61.49687753016775
-71.5280585269817
-23.25552921595697
-43.976149510852316
-19.381455447143665
-32.68071190858362
-36.42762729216207
-32.201783283405035
-58.15634518492721
-41.00908340796532
-62.913430421737104
-61.114069296492886
-61.77143001750038
-54.970769199977035
17.327596284653282
-42.80476306312921
-61.52971157759826
-64.7049069639051
10.618980062458974
-62.451776589377104
-36.51481823143206
-65.21343256545109
-46.47305908026651
-51.53941778621395
-18.926688238556537
-54.636101634756244
-39.93810489112009
-73.8608982568262
-61.26835620423245
-57.165802280507314
-62.70374112235889
-45.74296349477073
-52.99849558440448
-44.710869166427614
-57.469392577901935
-55.36764895525455
-33.43503850604466
-65.90637583008773
-5.249973989376855
-43.11925415353905
-45.84059224255547
-43.05780241837556
-62.71399714622444
-48.63323043999843
-35.04774848476342
-43.60211552999084
-53.38869171706396
-38.07865719600284
-33.657998730195374
-51.09121415528878
-26.942203515203346
-25.724139076544176
-18.45108835429579
-25.532739158769573
-9.816777919915467
-27.45598525382607
-32.53785653269888
-42.83734441812824
-61.09477356182584
-43.028913504155355
-28.394978917828595
-59.76815766058169
-51.072493093866015
-16.40774966598171
-58.16066080181684
-52.930057404282984
-73.03435618163226
-23.554231536120312
19.07253696433581
-48.530327986270876
-60.94421705573085
-34.81640606857175
-35.530134707056874
-44.5417758574294
-37.886305134891245
-47.532589173801334
1.005621606497229
-52.04382784575805
-29.68970449075354
-23.766978040748697
-30.661773074146197
-12.58432672783782
5.54902551034148
-19.5983949851218
-65.22495523911986
-48.88372976907929
-37.22302322082422
-38.14297985874123
-66.15218669475209
-24.339762519416695
-57.93753240911567
-29.173001892727086
-67.10018562194458
-64.68629160148943
-29.822988500073933
-24.297477609107403
-47.76707175935637
-52.87942293433857
-68.50769540822185
-41.41367073978037
-73.62131026474835
-53.3203759051118
-68.57980589478966
-11.7711012534823
-36.19939255996289
-54.99328046565082
-70.06341626382694
-27.902118376704493
-29.858272278886687
-70.75757261656402
-59.54292835194902
-48.24336036418202
-58.453551257359955
-43.44874308034709
-68.40879564686398
-42.42771016004817
-46.88440877742571
-31.11430710854512
-16.149156170211043
-57.14707412581762
-47.69978596137622
68.8552876358716
-60.70917728436338
-56.100802106594
-63.81322831649793
-42.749491442644846
-56.72515429865771
-48.94120785479258
-28.95047371064223
-60.67120158518454
-47.74445272281812
-68.39881078618833
42.09351377997501
-62.33225841980753
-58.740289808555076
-1.3073101106323861
-24.05664249635683
-2.992198233195893
-50.15349568042883
-47.41164669179255
-23.64646504735812
-66.62811163800882
-30.515386612015135
-57.962110145626994
-46.34380522486442
-26.529070508875506
2.9017062877672686
-31.117880295441907
-75.77759211565755
-26.991541553395265
-30.86806168779924
-35.41715566592143
-66.0467674432953
-22.24502593083092
-56.368907539426125
-74.96357580134442
-25.067971152054284
-49.437559435669506
-65.53948400818255
-59.85299499024
-44.5248630198303
-26.694403265498593
-41.04541627704811
-49.143826874944786
-27.56193712576176
-6.079130607681449
-63.43754261536789
33.83423165107041
-7.438037966908965
-40.36618560656421
-59.21321273217814
-66.43978065562416
-54.71348578021955
-60.51456480415105
56.19852189369274
-40.69334688517981
-66.21944415241362
-63.1903495368645
-32.59547473195322
-76.94456687412496
-33.35083787643731
-47.624438814424806
-29.725326360039418
-3.7019892475547067
-59.74753622595413
-48.71937419103338
-54.335214067047474
-41.5216326365259
-11.250330473608528
-75.52090009925563
-57.32924163573586
-40.00584262472222
-72.18587998097506
-30.186036346620725
-47.437170668626436
-64.62931377080868
-42.10204579218579
-65.48104024061347
-61.55280698783193
-24.492591201052917
-42.83986919878642
8.880643375160318
-51.0254258895294
-19.005936697268666
-44.47068746071562
-25.834529503959928
-38.66643029679917
-32.22878648546302
-33.00325823422976
-55.82609200530606
-47.19169921819873
-64.33495790533085
-33.71787574447973
-37.47130371733874
-68.82669559435867
-6.676712260503223
-58.60003467155133
-48.86996560199085
-49.45780796943297
-45.033179816189865
-73.05481905477697
-61.482651917148075
-69.1169452694273
-62.80865630125548
-45.07101422186939
-22.690004257553284
-60.6485179692972
112.74855929108764
-34.96664609714159
-74.14114434169818
-75.68430930059594
-34.21163343879121
-46.772441266338504
-40.37440598646552
-50.28064922661177
-49.87033077793626
33.91333762032605
-39.43321672215751
-41.74866861291231
-40.85968603515027
-52.16765635480389
-26.96927888805648
-29.12526846193805
-52.71543911060933
-57.825626922924755
-19.620512660818378
-59.24835580041844
-6.475511517122868
-56.06686240960419
-62.30390496527065
-66.65497626993502
-49.86275179475481
-44.59171879986394
-70.9568120526169
-76.0303461358521
-21.04640131094527
-53.25189454602258
-21.74339966043749
-53.20029842383893
0.5013357283700515
-51.93022972846427
-29.28229143395643
20.61087122123773
-60.16630578281531
-17.489718184557915
138.84948766701064
-52.78600087533034
-34.186963922275154
-73.8740785329413
-12.651716981899511
-42.62138810047454
-49.51543778778953
-48.716031268754875
-22.84088130254942
-59.683849801589105
-59.94506852699004
-42.787004010468316
-27.0697838138683
-48.51798388482044
-11.703549393596859
-35.84724408390235
-32.02926978125319
-56.14086727680501
-74.09590011750431
-59.7951037858468
-46.6512750679056
58.54826437505267
-32.07735167238323
-12.425818410509336
-67.30818301328274
-53.40841200387714
-17.54223596382144
-40.294590787417846
-69.7137617211152
-60.69965843224922
-38.582826129510025
-10.27227598544755
-54.46230615032419
-58.79043149764455
-67.65697770582227
-64.4600976738224
-2.202188281937609
-67.57109667310682
-1.943933501555577
-48.72130066888788
-50.01397103187111
-63.9584441580018
-32.76286153973619
-55.72326498125928
-21.335674313463002
-62.183241907962795
26.751624518460176
-66.19516377372149
-45.541778930341415
-56.26844307540448
-13.682943168413757
-60.92069178189626
-24.982355630477187
42.87078219548954
-27.285070729595873
-67.2170341372235
-58.33363259425581
-49.428409879489266
-62.27784260233845
-43.816605419590516
-41.16108451454152
10.831513480005682
-19.001488327263374
-11.87888427336587
-62.25854109936502
-46.8632856344789
-29.495127453267187
-72.125563567914
-66.54511968805046
-2.842017187852676
-67.02811542366412
-33.24778425372645
-20.463098193659803
-46.47632749331155
-25.00086005571302
-55.14420601857412
-71.1932981683969
-56.768047528502194
-61.9206586258677
-32.6204490514842
-20.12607143304062
-58.750559481864805
-24.10628620242052
-39.37430041026025
-17.519396768402345
-68.86471419965163
-64.91085404084177
-71.25621549941381
-36.76805507035675
-69.80327862972013
-76.93753382882011
-46.83268690058572
36.236353724242605
-66.98200341691395
-41.43219626311828
-63.83670107200497
-69.41372000016976
-45.278134549394174
-36.615440292384704
-59.118329190816766
-63.096351633674985
-44.33014220912796
-60.640981547690664
-44.68732687050103
-33.02386421013483
-62.254485170977546
-48.08217621802196
-29.21295964913523
-63.424054167770905
-30.11823318096353
-30.971456530684407
-6.197778897972668
-51.83285958345169
-59.331807233517246
-55.5272022490826
4.555513234154432
-38.81344176980993
-29.244050650270367
8.169844283062886
-56.53888621537274
-43.74206911230153
-47.409569298064355
-35.838360673496894
-57.27684546571407
-57.330225169893005
-15.446670616324326
-32.179263101305736
-62.133309437545
-52.849580273609
-16.930699654089096
-60.07295185309921
-57.633131429791014
-52.54518841248397
-46.440594731715386
-48.67284536294712
-41.09326097726887
-62.389927203255255
-15.327572113361072
44.94139761327506
-6.760622191426819
-72.51724176552527
-66.66945401491668
-50.91920243332193
-64.70580730080479
-71.1333398351859
-30.735087911135366
-53.25904994045724
-58.919777810428684
-39.096485060349686
-48.04698289947707
-64.76297041874676
-71.79949238266737
-59.64423536228126
-16.14740910197291
-39.252358174547076
-43.09171462298357
-58.221402210835386
-67.97436451257096
-49.108595070220424
-55.01183064128158
-64.77911927733064
-58.82413405779046
-50.883972044579174
-28.32570477234131
-52.533274384068974
-64.01247736605397
-59.23789990436638
-9.802573292766454
-33.25242475260194
-47.545856384122715
-78.24107230215866
-37.94513613599722
-35.81927613265876
-52.94276663262081
-44.58873487728615
-56.072985760778536
-56.03448016086622
-61.284140059314396
-48.7923377170687
-52.81915753443415
-28.509395083560776
-45.67274647814623
-52.41480386588448
-30.372707224717345
-49.98111792372705
5.766256527266094
-26.547705270958573
-55.66220762284735
-11.583606727834947
-60.936363457168916
-13.537115324935371
-58.689563006818915
-41.84875812191437
-18.778531103418928
-62.09931266142235
-65.54039929128055
-60.90148680831065
-66.18971568941325
-22.34897114741713
-44.843585074862155
-70.62918680642439
-60.154735492742155
-53.16264598459892
-49.289419372927185
-67.07853661446342
-51.42969281914211
-34.045223128572445
-42.258777291194875
-20.993078032445126
38.778922814856
-32.569181649716484
3.6300552151893157
-47.05817113762424
13.072929350149906
-37.09888604705202
-49.91027632818018
-63.16312454101272
-36.563590463018016
-73.94769751682438
-41.83130016156907
-8.904752628161262
-45.74110877236216
-42.55055986104046
-21.55039362749494
-61.764704079837
-38.17074826337037
-45.41880576041575
-66.56463271302624
-48.169785338269484
-26.115404185239257
-27.361739167211866
-28.47954259265788
-78.20694967098501
-57.108215195357786
-43.23293374423808
-42.245166656048916
-72.68872393772665
-59.74978256980685
-52.80322984352559
-59.24362723050105
-14.23303073814526
-25.464930046753764
-31.968255518644725
-28.2055094142557
-35.63148737853416
-39.87050224153955
-19.64799289257924
-34.13593876629598
-57.61914411786439
-79.10923056423312
-53.8545179970644
-35.98047088889646
-59.547890262867575
-35.935066614852445
-29.15404116893437
1.4925987362106667
-32.9280458093927
-54.93485439815445
-51.610325131813184
-38.661667781308545
-64.57844507049741
-33.49571442722463
-57.72880516312099
1.1496815275483243
-22.742580579036513
-57.600041126933334
-28.086813326522744
-51.73838699630561
-67.1588317217955
1.1201374003542668
-73.25100030234151
19.3073250254387
-26.50582006508887
-57.212380795124155
-49.604477172564124
-49.57380446143884
-22.03862387112835
-52.41837304807198
-10.631823461386588
14.299246899422101
-31.754750403691745
46.11954878895611
-68.09539293297875
-10.209567309029467
-37.31530094889909
-56.458833201456116
-25.403888806832114
-53.41657261977304
-23.352650465471697
-21.120425182558762
-45.90986712864921
-35.96173765010661
-28.793714321727464
-42.03136252710635
-46.12923358350782
-54.104484407190036
-34.14189859198228
-59.11672296356526
-22.26047921815112
-41.28964232796517
-49.467743825202945
-15.59246247032705
-45.91502219398136
-47.01191528057934
-48.005019341685745
-59.459950824844
-67.70122140000959
-68.26216202169806
-66.95526066303889
-52.102405515750576
-53.42132087263548
-73.00004640260222
-49.41292776334177
23.81915304593373
-8.328577652928303
-51.01820870614645
-71.73726424828848
-44.72971434336313
-66.21304442829728
-79.3500787334155
-23.82258537050882
-14.759383189633155
-67.78987166761223
-45.40564268534836
8.573249562474999
-46.05676326359894
-51.22977968436756
-40.56337592987738
-61.36639228557482
64.76532379755989
-77.18459479740838
-60.766184826020584
-44.026337309884454
-66.63984287428926
-36.18470730095626
-55.69231600195661
-64.21243706473604
-33.71590569031784
-3.604365141247868
-35.02603855367846
-43.911413386336974
-59.20223349197698
-25.19609287219717
-83.05446072237677
39.858140134253944
-4.160051793376013
-20.34754394119284
-19.48815275195571
-48.58290419293979
-46.2745424633134
-47.25206843325699
-62.31557032718186
-39.789653919727904
-31.366505961604986
-35.135069507742855
-72.8142144085589
-72.21392217257711
-55.48117945575314
-6.1734200418269864
24.31804773875463
-37.086603959082325
-31.961258065340218
-68.64745005674646
-54.64918643107116
-39.2382515484127
-28.431001276706212
-48.305447344245195
-51.23852449948984
-34.318580086350636
-54.24496923109015
-34.01477447679139
28.09068271906517
17.533863841565406
-46.57523991071327
-43.172884942417966
-46.28708327753929
-49.52397967397099
-44.400554933021326
-53.1679879432405
-71.01174759791168
-70.37129857406839
-63.50933197603413
-41.09972204954072
-46.207365359145314
-76.96278221692823
-41.130557022685245
-52.67754821742106
-58.46710651804208
-4.953309716677225
-42.3928338645058
0.2756501841945891
-47.1551367601136
-73.60714232500077
-48.377266310694814
-46.887177736603256
-18.202788734452312
-72.15511168950285
-42.22890148467786
-71.09810672804362
-52.09647553188972
-45.015830657233835
-42.63856531328099
-49.312848013745935
-25.494673570895074
-6.281324669495987
-26.578714665409024
32.2897269490426
-43.25009777699946
-44.331467794639906
-56.5094009929897
-76.34420082769091
-47.83963072490688
-23.950368018835277
-66.64114402250775
-55.72424035380217
-38.52372650780359
-12.560881527125531
-46.131799375672344
-60.416111228368045
-29.842159813844177
-68.78022379085171
-32.37650152617525
-74.45131989797001
-45.69531782826942
-46.930282416017896
-54.78037158330024
1.8819510668965194
-57.120192335640496
-17.062992707761993
-38.89520972932703
3.6950092785405104
-81.05793003165547
-29.630942171479063
-44.38001991533991
-51.64481612825132
-23.132858680447114
-47.18225743940324
-41.10298812492922
7.657174198575902
-56.91645297292971
-64.00418109341584
-29.351683365099348
13.441000367461399
-43.753528880204314
-27.446452333685954
-6.139449163891513
-67.75703311406778
24.538034319747723
-31.01561999266255
-29.231174435556056
-58.04899288260557
-29.302826648160902
-39.43310327835647
-65.82902300542416
-72.01487604140002
-42.442706834132764
-57.33222284558975
-58.5220108723617
12.13054235942144
-64.70855201215014
-53.98319575072083
-25.639889829436115
-43.12977856982628
-68.31980467112433
-60.8142150182355
-54.17850672136999
-30.69699646467484
-20.369323987954886
-39.17343420203933
-57.34944811721215
-45.3208947268003
-50.828577171710805
-44.68567484801078
-14.440470044195479
-51.06571793463608
-37.29531615763976
-41.03529009430276
-3.4888083215377748
-17.31911169969112
-52.6984590113744
-32.3220796264186
-16.954764369437427
-57.082861469792626
-53.297644616959786
-58.23668802870583
-29.70972196595558
-70.95863384913885
-43.79523998134231
-61.63195518226266
-49.96583369168898
-33.42778396582389
-68.33434834264645
-44.83911505795596
-58.95070995001449
-14.193081262582183
-24.46997855864406
8.122689858294265
-49.463238173354334
-44.31821485304496
-70.57773411975295
-34.04675886090294
-34.05238497438663
-70.05714278188287
-66.56329034230585
22.2541444964816
-34.18855012264771
-60.625210151155954
-38.73180571766481
-68.58002898969957
-82.4854744797916
-34.328796544134974
65.80586910056249
-48.17949592908171
-25.079841024689443
-67.6878344143384
-47.13961350808814
-48.63030949837926
-63.587686910206344
-10.460339482383361
-40.86340149788333
-49.23394666790249
-36.2939484685221
-33.12683300871191
9.352145010006865
-49.70214946882652
-15.452594137176504
-33.11972131536939
-67.07821364850378
-48.71167209038123
-46.7260338976223
-36.257890854109974
-60.04105920847644
-35.187765007459205
-57.33005969908486
-42.40157395246332
-49.30797830493112
-24.618511627041656
-26.986706684810315
-69.68439962022669
-59.24337723869762
-39.330326519269526
-26.0482771044952
-51.39104883269999
-60.044426997884266
-48.1417515595629
-66.18075352341236
-67.36316859720043
-55.04974605104224
-38.52087514501051
-64.35840728205316
-45.28133557659524
-61.32151047991904
-24.213615205750457
-56.022822782669465
-33.43375614646311
-45.2176575425764
-24.1986164952652
-28.2358266162867
-53.284154267121295
-45.90572820323057
-48.651582187992844
-49.84827424552477
-55.53621352167296
3.2911670484731843
-67.59828421974464
-71.10231850248364
3.5798388458677834
-54.728876675120446
21.81852396055038
-52.24612597547911
-51.23205938597523
51.779850535956996
-32.003042788005985
-55.44597283797194
-22.356277810024565
-19.299734726681805
-40.08808986328892
31.436034535415388
-50.97286403265107
-36.90500949298283
-21.89980792380115
-51.315663683861146
-82.13052026909071
-45.758960417530886
-57.26698357000054
-23.350483158605982
-71.85978547960713
-1.66651960474438
-55.353599357230124
-54.880078819632296
-30.47545388327856
-33.37127801759979
-15.945129607816156
-27.815777994206357
-57.79943689328158
-39.163157348330024
-39.16429768646403
-18.024858448039353
-50.80288696473593
-56.446060825759155
-20.989937679552014
-30.472046313213966
-31.31621574731537
-48.38446022893813
-63.727172738056865
-21.952838647427726
-10.794198167513002
-5.711985518774654
-5.821862350406718
-21.928145631922305
-59.37095003424563
-44.73118298618364
7.477438264578481
-66.3345000471526
-54.49664027771014
-52.69190245279802
