fX
1965811.3647340056
1667244.701997458
2323930.2400506837
650682.3288127742
1405189.0803136749
2120456.0773209315
1038884.44320919
1922619.868069742
787735.8813634202
2308600.9639249993
1281723.2437246242
1733172.7179396036
2082797.7854376961
2068489.742566386
577695.5907770968
1591880.0276531873
728008.1324951607
820007.5846069866
1572524.550445908
936117.9959139699
1081851.616461796
1421295.3039898467
1195912.6315856264
1576258.5742078624
1044438.1362547078
1330788.2060785005
1056765.3098432503
815328.3305195343
383512.14723009046
1207681.0913399456
1136305.161390914
1043094.9282102896
1520545.7365071326
2431657.9685771726
1563000.6236025472
1151867.3963285151
1197013.073031307
1549408.0534846159
2080417.5101487518
2504309.508051115
1591721.3343450215
1480767.0873689922
1160335.565706206
2137357.3180574416
1280539.74797826
1803372.003838489
1589766.9632098116
1229821.3453076244
1642219.1494956773
1316216.777391042
1728385.7738202896
997316.4211136886
1758168.0064393342
991754.1376148106
1803916.0384494308
1041199.6143379828
1844163.3175005286
1587216.8756744459
1325770.3002712578
1809429.7776924772
799840.5363820994
1796898.2198556312
1144103.585679356
1913757.432924451
1388855.8187917655
1504021.0849236508
2284615.621183059
1551339.5716128298
1649271.2055691048
1603699.9349557057
1830334.962424708
1543769.122129479
960717.2186944793
1445577.8819126769
1277383.1099965833
1161977.4922789321
1400502.1118066479
1133142.9314580397
2224421.018586075
2217901.476837068
987297.0842399272
1427739.1947992395
1696512.2053004606
1193400.0822437876
1479099.4701930564
1732967.343420281
1450749.217670643
1150115.2095686793
1465322.7228918541
883015.0723458112
2200136.563134408
1479337.258588743
1234213.2014491416
1566324.9354603349
1529981.255967587
1710026.1231430254
1117313.557654033
1952777.2689593402
1455440.0127949673
1418866.94126141
2082670.1784783602
1083177.7945650497
891486.514875989
1729975.574539237
1247513.7883510778
1508286.177179186
1751246.7307531727
1001526.3436204513
1303055.1345082093
1241116.4436124684
1529036.3963140412
940924.3436190968
1075600.014338893
1213819.2968641054
2148606.1797769647
1594986.343195084
1518770.7182802942
1338534.81726424
875467.7842757141
840281.852361384
1660055.250958102
1067946.2628241584
1004477.209845984
1716126.1344271407
1339815.1801175622
1535344.7172083715
1710838.656987082
734786.7733379912
1254926.574464654
1607845.9668959707
705613.9416529405
1647004.7538438302
882543.2892698714
1389161.8733592636
1212944.136555719
1582820.5277643916
1233042.3218003097
1352893.644806376
1393684.7954532302
1149966.4136010674
745343.0217601365
1359823.659407584
1216296.7235846545
1116506.783254399
1705906.118943254
1219655.8472352042
723943.6878117375
1162711.0763055952
1423548.07173247
1044575.1163893483
1129794.8847742996
1442914.9103948032
967499.3868596656
1483252.6209038934
1215120.269561088
1337495.850074801
989175.3131523897
2315778.4127972503
1880827.6553307127
2038820.6368827913
1220422.9342901476
1690367.5560237267
1216106.2277910784
1188072.4674417905
1538416.7715632247
1353286.4431274303
2315131.966024797
1908557.5727164992
1191948.5645758088
1196245.2541628696
1518386.1986942168
1622581.5959620182
2615494.6506942958
1769365.2194911784
756220.0838632813
1178141.4579277385
1588053.561439638
2155850.6784460386
1772285.5984166493
722275.3768895073
1118757.1325041759
1366673.224571844
1017584.9385805944
1453816.7822555127
961500.3798208951
1288775.0822695312
1754559.272177761
2176610.3069956065
2039863.1810477965
1293022.2085206131
1556455.0850052808
1475725.8982775973
1988316.5873834768
1195298.9260709272
1270613.7413757981
1380119.4348417842
1422664.648005686
1226391.4948274754
1598142.7982885025
984629.1207059242
913626.7054837542
698963.2299899204
1122871.9800276055
1652813.1320739842
1099142.8046932034
620601.1917359817
1392720.491253796
1370844.1277259097
1364975.03562179
994446.0920368469
847570.898741803
1343481.8473175564
1628476.8067150312
1768102.5482923922
1866864.187561983
1818801.693789588
1479167.7678403466
733223.3788981753
1166081.2842649764
2197254.764337904
1550508.0313219274
1500970.1170080102
1710961.5130709838
886692.6036923627
873245.5059864614
1949000.245698542
1380772.1703374533
1305577.5032160361
1555648.846158271
1045882.8910049025
884661.282444399
911886.9428904641
2047276.6840411697
2235220.9659310686
1370346.923609546
981840.2917932555
1165217.8457639196
1013296.4398010863
1355983.9044029294
1286984.7205212791
991977.6309071933
1546746.0762973905
1432182.164226719
1372382.9719316633
1426106.334948433
1536497.0066369649
731237.0153845856
1258945.5592517727
1279660.4881781419
1297287.8907135834
1008084.5533553034
973035.6753105271
1423782.4022258944
1372300.5998368151
633918.158855181
1734096.963870816
1058404.534622973
1541475.5621400713
1440660.8396405345
1494501.6450236863
1137765.2163845443
2521266.6405641045
988901.5240153004
1659982.0845313917
1741942.5141440928
1274596.3005014667
1227648.51886548
1685010.5230056709
2343211.1065963954
848666.9958974939
1529343.4093860378
1365678.0973297067
1063686.4571464835
1001050.336827272
1724064.2340031264
1232044.900986235
1387180.1910735692
1168419.1544067513
1184839.9023931632
897001.7064584404
1551576.2099121965
1073548.53258599
1609890.6551592848
1353699.7110237954
776423.1333686883
724656.9793941565
1068262.7202501206
1868681.0170103533
1940373.2514133097
1936986.7042828735
1761508.4133624115
1518605.7990923496
663545.217902128
1654800.4729274916
1260479.3726259908
1185784.268975944
1371078.0894990442
1665029.3297220375
1738454.5619478168
1510680.225703975
1194042.9714397755
1161968.9216887665
1269094.0921284724
1993372.0712095555
974465.7282232972
1362871.1541433025
1580833.1789735956
652827.148927857
1026525.8008913074
1712240.4777350612
1429767.8432579269
1314513.7237990925
1852051.1293393727
1161420.637484236
1015710.7218978745
976392.6404372489
1709923.051986536
1435901.082422302
1235808.3332569129
839479.0842221298
1952971.9013654736
825670.9614729799
1808433.559825227
1361337.7163348023
774135.9044570217
1437442.7317861656
1240430.8797925506
1522005.996158813
1405279.2685041819
2940855.032966995
1885885.1970590353
1421548.4003892012
1864158.7141237154
1392861.8859016043
1204182.6414227907
2271325.482854789
2224988.380119645
1525622.9950830087
1074214.315102624
1366029.9290339735
1177327.4773674356
1304984.5864206476
1555291.7945530752
967638.6379682625
986415.3149838808
1698649.7377767628
1673562.5095729104
975308.6844769333
1647234.6283417295
1574414.1704094303
1663833.7728013033
1008274.4271801071
1782957.8118331844
1217548.516216744
1190846.9944629227
1143126.6561690841
1915496.3631662668
1010349.5192151865
2442367.4243934676
1256673.8026170686
1317308.5081676487
1348957.1940642123
2027000.7076344625
1851026.0409167744
2077075.052528118
1162819.8345946071
2164067.401470477
2163159.5019763196
1039339.948343821
1299018.5512721594
1729602.130573554
2119531.8209727416
1384440.726676103
1435655.1130530639
1088147.5181886198
1789325.1702524556
828943.8696855755
2391669.502223813
1494918.9136926108
1275009.9819501906
1914669.9673628472
1473598.4496497086
1892350.4400365276
1977418.3944699448
1637041.8551464614
839095.825398523
1558550.900174509
1516603.84868142
1357161.5187036041
856987.4444003855
697821.6415448084
1518723.166173435
1340575.749966885
2123235.9345615334
2224759.4971334217
1708602.871934709
1138084.0256557188
1203367.585223022
754858.5289675691
1652367.6428555218
1235001.1347249912
784417.4019388322
1172879.6414946066
1312482.6829631524
1726891.4162799492
956059.734851382
782696.5114332775
934408.6920910636
1169495.9326164203
1377951.8891312727
1626377.1439435647
1161677.2920714715
1450706.2138620217
1204957.4835866624
1709715.2759433866
1322413.2703315653
2337270.834813199
1409404.7487791008
1727367.6950802002
933842.6284956321
1503973.1226933606
848597.0111975635
1962067.2916342292
1482199.9742853993
1534564.7631419878
1405185.0920501305
1018760.3661290724
1412674.6160314358
1294992.8798703218
2333796.7815719657
1484607.433676585
1963526.9800208302
1284661.886445537
1758712.8612284104
1457249.122067896
1700866.4324179143
2162671.859760345
1236265.938859823
1803065.5158102447
1782254.7071560123
721980.9696531639
1184417.1898431284
999495.1557224502
1178647.6912738837
773585.5945079874
2147267.3757784353
1826739.3400541723
870411.2266127053
1391457.9026211465
1600567.3548414232
1372757.1809559516
1653096.5900602306
1954603.0376312833
1242008.468913019
1066300.1715054426
1669686.0227255432
1119801.609738877
1309761.4049137568
1190793.118298429
1228899.105882427
1631388.569641489
1594588.9022870106
1020274.2470549123
840972.3777916128
2101428.011446944
1198233.2022564465
1583154.9694348106
1229357.1736546268
993962.8407077969
1222463.1786606095
758498.8264753997
911584.1587375154
1139665.5812280583
1344895.1707739977
1343459.009516144
1227391.898684477
1191067.4721341985
1584654.0679541451
876001.0617017434
1486252.4732314316
1349952.000639532
1469903.1609134611
1059984.9556730792
1372768.68032302
1257714.2701722416
1192290.2006016
1397621.3101704146
1205622.1256039522
1596841.240505135
1371881.410805551
1652817.2527942169
1894506.746031001
1670606.4130328675
946884.8300353284
1593812.72615221
1458843.6447803264
1421559.5738906132
1672642.0595151803
1133511.594972649
1558982.666003459
1543422.9309810023
1177149.9617226997
1774233.5914773478
1595182.9385979215
1829966.9369203886
1938892.5598920623
1159081.1259636537
1436126.6797617073
1916116.5191028365
1350603.0857463803
1528114.7491459926
1142449.541735583
1213075.5726489287
1846856.6426569524
1657033.3101883023
1099542.560975747
1339031.1179380273
1765011.050290673
1751555.6312316034
814442.3652050261
1480602.4893554193
1054802.6820277164
1343258.8378566112
2152986.5643737456
1375112.4575035654
991076.5275235114
1542834.0007704855
1709124.4170281568
1036724.9855650439
1750832.9889389283
1794267.4910763635
1519297.119607971
920373.8440202957
1940201.7269763027
1674887.3823165528
1157220.157470103
1019871.6092677655
1515135.5166811692
1106289.8372002959
1156754.0009949347
770723.9363189042
2237846.3254907206
1518737.111038206
1827053.1683774942
1809929.8038230536
1447707.0693024541
1400744.0565188932
1571957.2717205978
1017152.4714002648
980198.0027872525
1036784.2034262867
2418480.0907482426
1831035.6394701118
1347616.5012148975
1949925.8195816553
1440899.070499575
912222.2869394016
1133240.369186248
737346.1357958871
1101398.831470608
2132375.5499599376
1774392.646506436
833298.6583187435
2232409.767976416
1082023.149090525
1316142.8815154484
1143473.7162236646
1196307.6178211344
908137.300898949
1604346.340670329
1537438.244145295
1538919.9875712902
1937189.0902777573
1553346.9209212174
749498.839284829
1663154.4585582004
1523712.4996305408
1218971.01604037
1794318.2455964992
1309069.534185397
1542914.1908809175
1544447.3093701706
1009393.9377934845
1271771.293204977
1703659.5493444281
1105768.5020001538
1470672.62345066
1632115.7129446592
1192808.8423296667
1297303.6627135812
1660487.4842938266
1186671.0058749907
1670110.9128978285
1354685.8422693142
1230498.3720535832
1668770.3080412636
1047375.448327602
1393385.0711876412
1119266.4561760915
1926376.1596008637
1125790.5910899697
681905.4888052976
1592976.8107586736
869484.4932572237
1771244.8283863189
2091740.4453626445
947522.925144205
1876889.074695238
2012322.6656344146
1927230.5394826597
1443404.0208857034
1569567.6868844056
697684.9498260978
1411376.088809046
1119966.633589063
1555295.0542809737
1361029.0625114562
1193489.7610236302
1760118.9633535373
2033244.7953315175
1161156.9514808033
741095.1658822426
1472542.5688807114
1740803.0666970455
1765492.9777699376
1123578.8780966434
1392716.7299710994
1253336.9225993713
1005873.9164615854
1311666.4258480624
1432780.6598856258
2156681.7045340636
1436813.1551144707
2182723.7030283106
1615106.6637351825
1661402.1695607463
1163591.5916587927
881061.062095145
1717504.7797074649
2333831.9968000357
1504209.2064627712
921231.4046663851
1984390.2002088544
1215527.7296038712
1477092.7944761359
1216014.6675914566
1299777.8896402607
1817683.1820232384
1781588.7484779698
960023.9394309091
1569906.3213982836
1917613.0856957242
1487997.5097541688
2499431.592433309
1065650.9247090155
2066317.6862374407
1209094.0713913278
1199584.2032705038
1903564.7407931467
969381.2389473959
1799031.3813504004
2140446.099487306
1294850.4534961982
1477995.8322867365
1448019.8995845115
1703329.3198482895
1050222.1856378044
2030000.3380089283
1209100.8174827402
1280803.2482387437
1085815.4374486771
1116379.3196069861
1457119.791178634
1546254.5702783207
1973382.0879522066
1319510.3371250986
1017070.0888447819
1121858.2044552239
1485938.6203267456
992174.8541089839
1474695.2071307423
1260993.7018317205
1690925.976598233
608435.930763856
1427454.6369962138
1118610.3771175097
2291123.8878586623
925185.1748571099
1264817.0088080715
2369945.7926323274
885011.3025076828
1746048.7196070508
1601117.4072808388
1052682.6045022034
1971657.5439586996
2087476.7228106621
2034277.937845377
1995660.040673877
1106145.4375238486
2069659.6190570442
1307939.9267941592
1127786.3456109548
1223364.840911246
1686698.3829012632
877479.5531772869
1373176.1013236071
1022397.9473266202
1185536.3778109646
1557811.9435838242
1462579.816509253
2101901.7126533086
1387292.1276937078
1011603.2164175397
1372270.4158644208
2105627.0108422725
1119333.7247395646
2116543.769254233
1797571.6164244974
1979520.6171715725
1104503.3202664747
1378404.0029966098
1534703.0420368006
1648670.9198258745
1171348.7702123844
1279660.3194650842
1720236.4685151612
1959595.5792514966
1308149.2908789269
1754496.1528081847
1051946.6914864636
1824977.35150553
1531549.117329662
1205812.9155200205
2059673.4951579084
1241507.5931393926
1102192.354067513
1438719.668553066
1792284.7535304674
1171166.479191114
1281676.3373320762
1291383.9636732526
675513.3679370938
1391072.376051238
1656722.986567278
1739505.2476796492
1793673.873840494
1647740.9437288505
1408445.8814229902
1087041.0010930249
861571.0439897347
1949347.1836139106
1399821.3681199122
990084.1483661912
780873.667246912
1654529.6040679947
1413673.541913021
1254686.891911593
1261369.6409767717
1026717.3735828737
2119227.5705730435
1493478.4780387299
1421385.6517117752
1647369.462393358
954630.678775823
1467316.5481261227
524758.6014421594
1077037.8033674085
2133893.625830463
2255643.039040507
1194649.555730977
1156218.0557915217
1655405.9426245284
1226412.2004229154
1444666.289447596
1653473.824290921
1063797.5643654051
806498.1334277107
1214369.6124370587
1538098.6292150673
1857438.793665265
902092.5192452322
2042524.815901697
1076949.0987477954
1152597.542085491
1656367.1830368892
737653.141987929
1185205.4039293316
1739535.4916052085
1249679.5540207904
950813.9303348054
1268261.5990701092
881559.1319600355
1700299.9367538826
1365270.2331034555
2040763.0557684891
713954.7514144803
671381.7375713915
1145243.7089437214
1221874.660519961
2042270.0002926756
1429531.589230071
1571345.5062635168
2097062.7013046283
1055792.9668104
1792640.008367211
1030603.9862017519
863650.2046701628
1022913.0775504368
1627828.571572875
1665702.0994047835
1618412.928628556
1455761.12732587
965103.7838438868
1487692.1884429248
900732.9631985432
1464468.8716963893
770572.0919471281
1313462.3095499177
1439720.4244264273
1650758.4711383474
1295125.412297067
1219926.844535889
1454731.0900588683
781773.5498887738
2072696.0573084643
1318230.5546874537
1052277.6868079973
1095898.750860797
1036778.2197769216
1272309.1577281689
1081415.5812055687
748953.6751840058
1677428.0496836693
1671754.9455144661
1434250.3201791483
1012153.5893338729
869194.468603179
1233675.4631416555
613364.164884944
1992623.5949411888
1681160.7852140435
1199632.2371151773
1478642.3674388675
1429994.4342832135
1876021.4766499733
932006.2718651436
829322.9829304897
1487863.9473889694
1468129.7166310302
1251141.379398406
884700.5888420808
1342799.152247893
1097615.572900287
1566665.9233559119
1130234.2060156337
1030245.4416466272
1205249.379374541
1698775.753528557
1103345.98028799
2108382.6134950183
1568709.3316163283
1380588.9294512921
1177073.2133550274
1212672.5799927497
1077514.543870688
1473909.8624446536
1251125.1159788596
1664686.81781943
1740183.132046295
1461947.333507678
1642006.626068029
1593763.1545918877
1314438.0652237085
1598435.693765226
1610111.5414618107
666284.2920753729
929004.132214636
2047661.9722591196
1509482.4654531511
1397034.5699083335
636859.0669941432
1044530.5879787289
1294374.25167662
1655000.0724058528
1045369.1355251279
2045461.4166622728
899394.9577624376
1422545.2741220503
1432592.6620819047
1980803.0243211682
1285225.4321703035
1190138.0376434962
1169404.892970348
1702237.2881279541
2162838.139523568
1916839.8864332815
1586787.1875687742
1264028.2675230957
872652.4374158368
1104533.4683205492
1801911.9609552445
2280856.4009236447
831889.8115483403
861369.1200634312
1238516.390501482
1032510.383729119
1537395.2323069216
1582430.4680159444
2239842.5616915757
1010710.3003235251
1900674.418894468
2107508.4318481763
1350276.9613702656
1402621.4644801186
1361155.8487106762
1620918.101818521
797237.4065623308
1347569.2782715545
1267094.5971707688
1234142.739180287
1620621.3343999307
1240862.4635243216
1547095.5560992097
1403555.5826077613
1226308.2736157074
1616363.426081184
1134960.8714427191
803656.2058898507
1626770.0827969664
1697847.3867190224
1994461.734764178
979953.4601976116
874145.4219680858
780097.7045891167
1199867.6708681055
1582015.9069592662
829218.5810736435
1215267.2244395227
1599122.865663576
1336226.90834362
1035428.9543407472
1523203.197042273
1026850.3569973612
1051273.9915246365
1622014.6938733433
1220326.1009355313
991057.2412494281
1223466.4696721602
1462052.5879145986
1551311.511855824
1486938.5679033422
1172830.1606445282
1183386.1060356952
1427007.362020975
1549193.8093946762
1823442.2868970775
1808198.0782407997
1552082.107060593
1009662.4069812782
1108535.6798714024
2409047.5183290537
971438.8758137915
1873502.5944628608
1106339.51443034
1015000.6321614485
1777039.4658402049
1719533.4491303142
1003044.9909292348
1074387.1014211383
1245039.170733596
667800.6804863138
2330886.6487537557
994671.6118817993
2133600.462286603
2526317.868624175
763787.0977944583
2073257.0234316597
1669228.6456980403
1379120.5452681254
1422161.4469682402
1501669.6109628438
789641.034927423
818374.0809158522
1345348.5542657494
1955550.0356140397
1877253.7878040045
1534523.6892549293
1732951.471238957
1221216.1600857924
1102885.1894833024
1440719.4412035653
1723941.112320348
1611799.397260762
1602344.1473009621
2034693.9132843288
2013814.8574595393
1298782.2372500256
1488204.4988729737
880111.0231495613
1615324.6386529382
1449337.8460832348
1350309.4406750698
1706706.2673543345
2211373.7330739405
1730614.5037133608
1697733.0106988484
1177692.6547371354
1323441.5048461156
1584641.2771620802
1060357.9884501044
1462605.5043680419
914785.0400618834
1660512.825740293
1179496.9780771905
1780217.5500418546
1791134.3482471898
1654737.6242738657
886833.1890831545
1816345.1909451727
1282186.543918582
987418.5409654251
816281.3240963112
1672470.3347587276
1588942.14073297
1625267.0316976148
1188523.613184769
2256846.763596912
1079234.214545887
1448250.231531725
1504188.251066472
1265479.934934581
2261894.314667135
761266.0361612648
2459933.204845115
1062823.6710676223
1603128.603951511
1756651.953887919
1110773.7250613275
971797.3538790508
1325405.1025966592
1036717.842052199
1164430.5882415283
733083.6402336884
2272264.350019509
1371797.2615200935
1469318.926137027
1541733.8847248335
1822736.024556773
1073381.636615848
1196345.6615308563
2213137.6744844737
1332407.7938288718
1360194.052256587
1074051.748566456
1502919.095081766
1343606.931532759
1446815.940504066
725475.9636137652
2080257.8090668786
789913.3644985209
1464203.3513252782
968242.175795779
1366786.9866984694
1165128.6093615252
1001016.6479940228
1843945.806007867
875193.840897624
1386970.606526391
1456211.2514439984
2296582.887626336
1154679.0644966234
1163773.1019423346
1873872.0426214177
1214773.6250400099
1703645.8246384265
927482.4849727415
583052.0223090464
1444671.8672836986
995747.3344244643
938149.0358157598
1459412.3865538314
1014561.5695239394
1117432.8897530183
1354383.6578249799
1521810.712687397
635440.1462811818
1152876.9895800834
2577312.6729254182
2174495.724220537
2022589.4962613264
1259601.6778188448
767949.123143154
1246260.831989829
1473916.6014961272
1199326.7042292943
1150713.343860741
858403.2943360624
1541186.5688212537
2156212.081814597
3252007.7458536457
843977.0520489842
1369934.738884757
2029015.101460063
2099503.324297442
1546954.21893965
1695289.4196905433
1048476.5644875343
1304656.26643929
1553908.5192624184
1443506.7308261015
1635107.4590067181
2011521.2593241963
2138103.6282513565
2011201.6388707163
1335139.3303813082
902483.1030836203
1327701.4902810035
1531652.5662860372
714073.3126212225
1874832.878544414
582418.8585298287
1153411.5440419156
1072892.9846427091
980356.3685245021
1163328.6480580363
1304994.5784369307
930701.379502435
891198.9717193458
1202442.389171673
1721106.1844394475
807322.4425128734
1239586.0995583858
1348094.5650207642
1797042.0846464394
989356.1864088905
894717.7601805615
1318207.6538526593
864406.1222292081
1715822.1949477268
2427746.4456776176
1663327.8523482757
1276913.801064761
2372889.4686650787
1474671.8495509648
1201064.5841840084
2039719.0189279856
1696523.7615768923
1666185.2430649097
1438089.1346439586
1012725.2885190679
1443467.7972687657
970490.4098178019
1329235.7694221195
1835101.064522729
1507246.074888836
1780072.0140738077
1794740.7825281718
927348.772497804
2134224.8094858737
1257326.274019507
1620596.8885812357
775043.8460557301
1314766.8997419374
663765.3360551306
1862220.485737484
1973325.2638158407
1619047.9741387353
1491536.788356937
1377562.2715994343
835682.6698645272
756203.5985189786
676865.2199434591
1653378.1580428204
1248642.7303082
1198181.0616483365
1608901.2730134325
1126443.3984245043
2236058.4115356123
1092769.5523821104
1166191.0736662466
1195753.5990974728
1069925.5792963535
1763456.089791996
831971.4535351932
965214.3738322475
1621332.5955081666
1164978.7790511195
1551571.5588345611
1183918.9003262212
1183239.995262426
1025975.9177495303
1389402.8752802813
1638842.9626397532
1171480.8217355572
824220.8299210804
1777358.1234256616
1792325.3554335253
1251327.4539675778
2311105.4709592424
1271983.938157237
1566002.0758224397
1454900.5464001365
1405651.415105445
1241736.6184591998
1565833.6123369355
614627.5390797772
1301132.395889232
1352784.043778655
1245591.0782499786
1219994.7425460196
1394861.2581048824
1731626.346819742
922520.783790454
1481531.6229472759
2113196.976198523
1109791.567918117
2211329.1540425555
1012408.2810240691
1935627.8904815896
1891405.760085338
977582.1403954946
1195250.9169565737
928764.9092175905
1768227.7358577144
2328785.090026931
1355469.4649264247
1491616.54167455
696897.9783761997
1629544.9881980335
616381.2895841566
1356033.778213259
1886830.739805751
1691311.292495341
1581000.834764705
1651492.2041468709
1073203.5495979309
1309262.7174975155
859949.6240462092
1474722.3592841423
1452329.311039574
1535499.740143096
1392671.004537325
1720966.8002384584
1142470.5877615323
1189725.2445884906
1538420.3468695781
2058905.6237514568
1062891.6963189654
1467178.5862455862
1303633.8087311531
1306166.6237548608
2043438.5441315263
1740507.842404583
868487.9412360967
1134144.791551598
1218109.9797010117
1506985.0958326238
1985351.9116423507
1218707.958172595
1142036.6204965545
1514808.4122957939
1234114.1810446316
2215763.3569481988
1560102.1618044046
1157778.013483392
1998545.40211774
2109902.5355264805
1186159.4991844203
1321131.1706955084
2134799.7471762924
1556771.5505195698
1601247.603756569
1610571.0981365088
1487842.956166404
1108658.408115557
1521721.1072781286
1336688.042373005
1053637.715040929
1609183.999645676
1136618.0660040686
1381327.0742325222
1172051.6711254204
868416.9203708703
1329266.9095465224
1818123.8453453074
853721.3544796715
2290447.1996174995
1499224.9950511411
1598946.893873625
2622910.792385446
1294291.6473836228
1266738.6207061023
1263270.3119298057
1060846.0127297472
1857178.7401650667
1558926.1898901311
1080680.5016541413
1598961.7989928948
1634463.3102149381
1561882.8444836896
1906932.837865577
2022697.4412994378
1008748.3137304089
1502951.3327319082
779694.4361733263
1271834.034525925
1755850.8450965562
1024868.6269047045
1354783.529979503
1272820.5522720383
2777041.551949848
1632892.0247037387
1029813.3169860354
1541658.2578482772
773513.752633995
1031213.4914208462
1141681.5319988767
1603525.9953032178
844553.3583610123
1446005.2000035485
1462117.4002372455
2057247.534066044
1479411.2332158524
1557573.2002315407
997205.3437404112
943821.5818016374
1229751.4086834549
1460051.8139380491
1467054.3402796674
1951121.0833781809
1852830.15541511
2382046.821332319
1450335.8700331645
1104512.863497652
1042639.9686558837
1217811.9002922159
1766297.8372001487
1887671.431865318
1247590.665883982
1351071.544104553
1206575.8302313904
1402581.5563424784
1972061.4905431627
1150970.957784769
1530915.501797114
627315.5963875229
1193606.145013113
1822571.5349509432
1236619.762987308
1130843.6641789912
1606791.7689509916
1112548.6838058818
1728569.1217737591
1864560.9216953495
1281373.7107368943
1119822.560983378
1622494.7930235765
1610721.1796300116
1411624.8177727396
1178438.658892223
1461573.4261441983
1408985.7049682627
1446281.0420550534
1173635.3176694855
1380127.6852027108
2078948.6044564673
1853461.2610444499
1176714.4600875354
1366296.0744645982
1715799.0027902126
1411933.347837284
1281645.5402576977
1163572.3636513946
1356024.9731828847
855528.1719101714
1761434.7189898328
1898087.1494745128
1340820.554935088
1146814.189457464
2200681.5952782817
1473157.2969298824
930241.78605668
1591510.149259562
1063115.2488840718
1796925.4365882732
1510637.585883903
1415975.4783322793
1231423.7557334853
925808.7177168095
1328820.0670273348
1472214.8746420764
1300357.049293127
1516545.6702229686
701069.1662520182
1571341.213316401
1734633.5814057344
1330247.2044075306
1379927.335824299
711122.6603452065
1158856.1050813838
1765576.4980752943
995241.1964979923
1752676.8430177558
1394208.903610692
1440575.0132279233
1461335.4664236638
1245036.0966735622
1888918.815290833
1813447.2011752198
1906880.2030848553
1370452.5887132785
2030553.3670634364
1669900.4001872535
1168260.1101957934
1178200.2350325068
1168215.889073989
1438566.3960331376
1040887.2786747935
1938754.0044945094
2489344.2147149607
1406058.6986565543
1880417.5855198323
1372424.9749794786
1648909.2387918164
1338242.7868145132
1725140.1431682317
1392784.2191134826
630493.5910908682
971356.8844908574
1314597.1375187861
1617265.771740677
920105.3789147248
1139243.7121596418
1506212.737215315
1348817.0065677988
1634782.554577075
1459992.6460390324
1201154.9362167076
1178608.2012091696
1654286.0324656751
1888742.3028385628
1700828.211319937
493128.350737309
1760057.835182068
982729.8961821883
1307095.1309162977
1288540.0902989397
1033544.3145848865
2013548.8006306554
1491921.1150206425
1404286.9902697108
1938142.2718942487
890686.5901612921
1561343.279873933
875009.497322128
1852390.3610219965
880397.6201249817
2143604.19457523
1790281.2745653167
1563208.3220396796
1368197.1600317156
1553942.206333265
1132263.9898078502
2526541.062971116
1263700.0552893344
584767.1593897549
1197314.111490593
2597203.9906173106
1726827.029944268
1778405.7994530068
1838199.559701609
1344709.7764279873
1637008.7852649682
1157372.8301086135
1111902.7575388444
1920732.7110067536
1176166.238478563
744444.9630967135
1237843.2194494114
2088254.185519273
1200547.4759900763
1590784.336545447
1210374.6605293266
1226924.6339943386
2231239.1499045077
647015.2394137728
1061262.0939934275
1300618.7605904785
1780954.4761348024
1364186.378482215
934480.5480108208
1817307.1744762708
1686480.866629779
2375560.872404664
1596609.9147706795
1661116.855281998
1156268.3858549518
1090420.4381045976
2424992.159423986
895868.6746221059
1512482.4172259555
1196371.048811398
1182237.0480039455
1224589.2513870073
1584815.9049239054
1745224.5262841398
1445011.2479683752
1169584.7717201533
1602295.1003748856
1953498.0448706737
1384105.1079497559
912308.6850403661
1284141.1314005244
1287272.6196681808
1782991.8310851029
1614593.7940791654
1395661.3839769366
1029317.5299176382
1693649.474727337
1546396.2895008433
1249506.0245350439
1437216.1103875488
1599118.8314664837
1023027.9766262618
2139810.059112149
1247370.5016316005
1742673.8285159338
710454.5688482363
1319622.2742707627
1830006.8701528895
1300076.2695704354
1550420.8365908775
1122296.7548879208
1492865.8893426126
1925009.8163947063
2029762.8370900291
1396937.6962602092
1526209.6462922057
1248141.6594442085
813591.8276065065
754891.8914849608
1349912.387371005
1065423.4063606728
1620667.512768694
1724663.011377401
956510.1800323841
966407.6553610548
1494726.5974679128
951505.0380685104
1856861.3032724466
1110318.0928538505
1424296.4709685373
1521729.1853483059
1963093.804675912
1804474.432031293
1779777.187844743
2121536.118162428
1831705.8230511437
1201124.538298007
1083071.3852830632
1400339.2436368908
1274045.9088124475
1081848.9647888436
1772219.5277297439
1926688.739066123
1512914.8337814757
1644613.2524627682
1555954.2500844223
1753123.4340319776
1938925.3189003863
586509.674835076
1609718.1625823486
1477400.5343991844
255947.89156500658
1138214.9858733038
2077039.6427214844
1212058.7768703355
889564.7691714148
2104405.7841922436
1933326.9872158186
1652557.0175765369
1208733.0324628488
936728.7508733368
1213887.6780582839
1378406.8269778104
1866002.3557051786
1912135.4894116179
1438478.1531063097
1296607.5936537436
1021507.7559657806
1050395.7641260594
1116243.5294369333
1383269.156245208
1381029.555596976
1161200.1875349246
1095166.1518256816
1317135.6991627489
1582762.7974986685
2504625.088704497
1442124.8175394614
1378481.0189273334
1663167.6301090294
872670.1077492511
1625238.8743493988
1417441.6253243163
1313395.0691205433
1228654.5833164186
1078959.347670278
1351624.2335235933
1226532.1378508233
1194043.8439554733
1057139.0757887226
1146904.405424729
1623894.5477591855
2315500.519201861
1067223.624641708
1042938.4276977426
2395163.3095029304
2181121.419736672
1450874.7908008592
1774545.6316242304
1941890.0900111306
1196219.9304279478
1907214.0923085804
920268.5442490345
990416.6788816192
894920.5720834746
1640396.5013338488
835684.2124986
1220473.0185502262
728550.7330428304
1067352.5588674403
1516301.0082310825
1952804.5468204618
2143222.0094981412
1847678.6225873285
1027531.1153762985
1570147.1198734324
983636.9899588799
1059607.3898838123
2158943.414466422
1091507.8190335883
749052.8777424156
490062.2498433506
1494376.789557589
1296576.2117796366
1268307.6176289502
1599993.327262589
1200789.0482717934
1632637.1868418138
875748.7313902889
1478456.7893497408
750425.4154814008
1041512.5415120091
1606978.0221617136
1125360.880876992
2032072.6532659328
1899428.194085205
1169029.6739460418
1979360.081646152
1465231.2983861973
1331184.318117129
1389489.7644947448
1771232.189677079
916034.6879950891
1214526.2264844438
1233269.55020309
1930574.3958126144
1362175.4187519262
1593085.3278093312
1387866.5745790359
1047508.9309780139
1072920.6904564449
932496.2895202338
1638855.371342777
1680195.1948017823
1745222.2570321248
1728078.9985429542
1583835.8024258066
1587705.8049183693
2228039.351214679
701477.6411646906
2096519.2027168148
1463848.4700540993
772061.6318928197
1142289.257501138
1377557.2413188638
1472300.0834230713
2036017.5518273052
1984203.4282302025
1368272.2481574886
1716600.3751126656
1142261.8584575688
1538502.8063393396
1856497.9799797402
1542329.7183305959
960459.5174309277
1233828.7237750252
2046662.8366813557
1457625.9297274954
1172834.9782142206
873687.9703472905
552342.3703175745
1347195.2114940407
1289468.865227621
1431896.1123695993
2091594.608525191
1607898.0690245875
1132431.2141493764
1206059.7483863025
1487335.0213866616
1557660.8039456105
1942980.756336748
2386578.4376481907
1830684.709117736
1717062.7173573598
569548.8730729595
2131030.263483943
901316.181444619
1369940.894519908
1172605.4393916368
1776364.4611334337
1714061.789091728
2024575.8180332833
1556062.8273577876
1689520.002143145
2114097.9991333596
1198487.454418797
1999712.3193079166
1374654.059766042
1671042.3390761535
1489968.335584561
1244329.779099274
1674712.4920962723
1653061.237851761
1108446.428400176
1445366.1608975735
1394498.0126438783
944989.806385022
952128.6546914079
631266.1022097786
1971166.9289394119
1810178.2734847944
1237076.014011902
1650694.5462943206
647822.813856604
1060887.2308231033
1315223.641265678
1035408.226407649
2339108.177432201
1506841.0963498827
1746432.9340550245
2019159.8472370792
1845669.514064134
2396744.8598796073
1677171.325824392
1745665.9725582544
523946.3645162417
1072913.902187568
1690601.8960935478
1705439.9623364292
1890216.2385598468
887000.4930942197
1255274.327389958
1109559.734049796
1649441.8790385209
1720843.9299868445
621624.9460899357
1261097.7024804172
1320729.538899647
965484.58324477
1465120.8676478297
825433.2563940544
1715884.7053553
967260.1601413267
1189383.7097444737
1453436.7258149714
1288378.1346057716
1035308.2828786605
1589787.2685500903
1643519.7470797882
847143.9350407178
1403940.990765085
626132.0646173233
1880379.8581560962
1392256.994176343
1513017.2699512148
1836167.2653917538
1327957.522470691
1849703.2487051105
820035.5251240545
1151365.5907286936
1139809.3020586788
1012476.9221411275
2312213.316560164
932691.3980910948
1418528.2954464057
1513605.289470059
1172508.4287748702
1585313.4674104478
1539251.6924963219
2141456.907600121
927772.3939800336
1251498.1601290395
2174753.9284183974
1398527.758503965
844575.5889335843
1212588.0102746512
1118067.3322303083
922364.5604732673
1465486.0160433762
1489458.2629924107
1391703.5501102284
1362933.7921713705
1115181.628457089
1029208.9283777603
1166079.2218315592
1758865.2427480605
872646.7929328348
858196.2495476776
1385610.3698481547
1061264.173175523
1609967.558518523
1883759.883022116
1377568.6352386398
1382256.5578524428
1633849.9178598525
1267184.8105985133
1485203.6843766125
1535093.119355831
952445.7052610335
2267349.427035137
842774.4716220619
1639013.8928079659
1778028.8089458118
1083962.9533884807
1672932.0303535177
2001899.359184201
1008065.7637737348
996234.4605668478
1249008.4596165237
1781697.698963427
1333819.8346254712
1807763.8033080439
1484602.6135129912
1467138.7292806606
1164121.3134678178
2596749.9884396447
2059705.9919876123
1055594.6362463732
1058315.8003636412
1290558.3894199724
1289943.9910892695
1396150.434804709
975559.566753334
1198013.016006037
1564425.858853404
1571564.4500495058
1274960.9690535557
2336602.9581450205
1424882.0922500114
1309926.4433129793
1779647.5004314994
2096193.5988377235
1179703.2735990556
1719297.5200819287
1013459.0662128968
1705104.2641497916
1604818.1427600721
2285927.7745725284
1606422.7728667485
2070482.493919451
1885629.8155282938
1515153.4688578437
1098324.6982958622
2724559.3359648436
2115300.7963728085
1620422.8950734828
1560354.7575845113
1077688.8628539857
1424507.2549986695
1101418.6837987066
1046655.1561037888
1900005.0348570447
1361898.0608908758
1593510.8137902215
2260546.8956508785
1090875.1786283934
1859945.653516017
2174828.8112911233
1384022.9343410488
1487564.4371136476
1483252.4733762764
1453677.1635939258
1977050.2546614024
2015685.8486494068
1076426.169703396
2000072.6786267364
1601084.126923811
983937.8819936122
1236310.639360895
1519675.6688288753
1645235.9723475147
1620455.6022648597
1226751.554393181
1450984.0179161911
915926.6695015205
1513291.271815083
2678987.2991931536
1277346.0432225012
1215776.0246580958
1023300.8650853373
908988.043456444
1656182.4844084997
848525.4859819002
2210258.118299354
1569424.0779577722
1132651.9814399157
888104.3916476062
1130529.2538339465
1141005.4662544844
922154.9452953909
1327478.1690480022
688927.9518772601
1138767.2214073965
1471613.1171009655
1213862.5425034675
1865917.3069959045
1443604.7843020447
1501444.380932933
887508.0707210386
1721056.3256271519
1719161.9396709066
1059627.9673491719
1224386.163033996
1651816.8177364813
1199023.8080789745
1766128.4674186255
858646.8137290351
961905.6701500677
1549572.0158664105
1483991.4066539523
1390876.1310890655
1540642.0365616006
868058.1685453535
1847423.6975285904
1322667.5520324071
1353770.7751450732
1427820.163595836
1520060.672687072
1788601.5740359712
1433298.4750887041
1477358.5627662684
1598022.7200836386
1619453.10384947
1025423.3900800912
1343523.0850495037
1182811.5326260605
1151183.1175514562
1336705.4778446846
1206796.9946393047
1371600.0209455465
913114.1696022578
1521244.950868505
1263715.1224557338
1868997.1869895272
1238572.4505358555
2859261.3035855326
1982579.601559824
1534557.8323877878
929053.7924175333
1376749.1239744248
1929200.2414251028
464787.35654165945
1589336.430204617
1711092.860830116
1240872.0844802377
1019562.6193998548
1603788.7665921925
1989922.3725909123
1206480.6009887655
1565439.5372064111
844637.5520479921
1031139.9428525981
1260194.5433601898
619866.7526886795
1162656.423830429
1298545.4475087305
1461593.3533089827
1905226.3889577934
1883833.3736173057
1517672.845769885
1610782.9054180374
1322461.768743878
1978175.377934279
1336336.7942471697
1676194.3569844484
1462402.7728591948
1766725.4987771572
1149015.9804648878
489388.36940060643
1451298.5228049948
749558.2041262625
1450903.2624062358
1665406.7049624035
1272317.805413611
1901279.5054166818
1429439.2848187285
1014430.0433853634
1574006.2512154083
919917.0966904655
1752301.658336381
1026384.737920328
1208835.4961829323
1882562.8902418015
1280178.4278954717
879132.2205262426
611626.4054898677
2231072.290815429
1887483.2448549855
1469057.1574515223
1316165.8631265236
1343906.5929311577
1818830.1546571867
1001847.3878258816
1444400.0020181758
2174244.3689745064
1512874.4271736706
1609344.4480414838
1259445.8404156151
1674631.3677705703
1492698.5745884182
2261319.913075504
1349856.6798028667
643049.0763415415
1180045.7933263658
880615.0911232854
1066589.2483868774
1450629.4698031594
1416063.1204579703
1572905.8875426454
1261420.6050784655
1354770.4970717868
1300839.6995778363
2211944.8615406887
841560.2321694394
2135215.0334681356
1149148.6713324862
1481695.9697896922
1967202.5042253048
1843674.3029523871
1525751.8399643106
1337087.189839705
1378458.0700536335
489617.87803160044
863174.869829402
1310949.6795045878
1524716.883173749
1334379.3669599101
1071927.4007681618
2450502.245813703
1136426.352827242
1407654.2256177182
1045207.7924955114
1955230.0147066968
1407329.4188478056
1104189.6769530566
1173998.0006449379
1874569.1574371045
976178.5990631626
1452700.3035152368
1129157.8499847387
757029.3620577481
1280075.983151424
1633893.0383660477
1017210.1769686933
2033716.4649373142
887828.2438845644
2155398.2183101997
1782672.665450564
1588786.129031463
1408961.92008324
1165238.3514900547
1730719.647844478
834209.5242546131
1341091.1005857831
2583189.5334437503
1052902.2361950157
1447681.8590750454
1804648.0339006777
879438.8643664204
1659851.3636564058
1467063.6582942305
1832303.6380051083
1861177.3083145092
1371901.0380019345
901824.1923918321
1313181.0121517165
948802.9648932008
1741502.76918629
1073387.6623463912
2236666.2172551197
1309020.630003251
884623.0412123263
1487961.943653152
1139752.910099604
2075941.5408724195
1163684.1827509094
1074574.910073351
839105.6513787239
863386.1087769454
987277.5916295893
2011123.6651772088
1006211.1674205557
1180964.343133874
1517621.8563372653
1350800.985749898
1810918.7646102246
1613674.6610670004
1536027.6269141554
873409.9050635213
1502919.86850368
1862441.3978756962
1436461.7695667143
1433493.742269419
1626302.8294039962
1181804.9691374376
1604815.0378284145
2423397.4036165895
1077044.8564624754
1105425.5048395158
2129227.6043605404
1113540.9024298938
1636708.013316748
1563487.1320126439
1227005.589776911
2205426.8964212616
1486189.1865179413
2064675.6895242888
947498.0818230845
1490676.446891742
1625482.3362956143
1301435.8082996274
1612695.4244441346
2222040.4647214967
1019152.7523378648
1083167.810056768
918699.1861005427
967170.5343047078
1254718.2244179915
1404183.7238614752
1155658.7449972774
1680328.9982919153
1483831.5736858738
1531410.5810554624
1081666.0368182955
853007.4205289155
1916983.016939503
1257800.1140428341
1181720.9956493156
1299724.5128108077
928693.3688598954
880159.1212960235
1157347.3214084245
1085779.2723823523
858671.2118407353
1090378.9510003757
995213.6080020934
994259.9482420771
1267357.3247698704
1415245.7304209818
970479.353811403
1863195.6489647902
1882057.9902715657
1235049.4961822522
916206.055583332
1618214.5060149464
832572.3906961144
1176337.4201519825
1176674.4972823912
367985.9738966626
1001899.6765430508
1439820.4369163818
1361616.6588022253
1819827.9576022038
1189976.3387728473
1732464.4511924477
1909690.3968669474
1087861.9261152942
1710998.1952638137
1256384.0651076618
1193637.9806823363
864560.780219397
1961242.5030050369
1414834.342383499
1827866.2720512827
736222.6817070458
1762682.1416554314
1055385.1929836916
2089104.521964332
1850401.8358375165
576519.1856635767
571401.7231055497
824785.652063619
818561.4387022832
1163730.0619405385
1037016.6438640384
2208359.242695484
2484069.2733151047
1103829.8475116678
1520096.5781250151
965917.3959812849
1544503.3090719972
1668198.8109127034
1789177.399242776
2070473.4201756075
1134877.460796711
2207893.836154027
1799803.5885440025
1245886.5894400137
1749219.5905973918
959728.5080468708
1429903.7113071398
1288505.5202983362
1688726.5808506866
1463435.3057501228
2177594.003852625
1590483.1621774796
958481.0103207828
1414013.5474042075
1366784.925615748
1383156.0930762538
1234399.98682406
657892.6554896751
1620359.7023255238
1350848.1601591713
491208.2275617901
1634372.999129197
1405003.9146782898
843187.1896283384
1465584.6008368493
2003011.717890767
2141251.424514244
1896604.7148656684
1807286.3779003366
1024589.8793016628
1285598.331507117
1567002.8585283686
2568703.163684031
1401842.1794359921
1033013.5674662561
1120822.493942102
1573274.9544624293
1474613.3463343875
1730758.4208837142
783491.785956015
1193257.3707996623
1192213.973149388
1461712.4046442073
512675.4128710114
1612895.2640244719
1196816.8251776062
1180519.0563714595
1431849.9898603212
2097703.303777516
938780.4072789794
2382288.3015436525
1180468.514160398
903791.9130628525
1166303.166610584
797690.5444538039
1717272.3403724208
1690569.0936688385
1607046.9976609983
895485.8535871282
1502214.3233780502
1365398.9883443306
1811997.1706858145
1280156.6349185999
1027988.0236882785
1757658.7036541137
2073870.1916087482
1352052.7348664557
1481278.0533187531
1488700.7763504544
872353.3657145418
1254529.7719093503
1990676.5803624478
1377263.9646444435
1582908.4964525003
1765765.7822174432
1600145.8026812358
598499.2333763043
1241223.3820544437
1103534.192266265
2009816.3258347753
1234253.91568521
1369328.6932397813
2319264.7211546665
1271158.1717148428
1299358.8403402911
1942673.146599662
1116400.410288107
1313604.410348185
1492539.8951110775
645881.1931495059
821052.5689199549
1870844.4521947978
1713910.6236001644
1373581.98086425
1608883.3759469322
1369989.9009783724
1758679.3398298945
1688906.567090043
2339604.7553165625
1519989.3484572517
1215713.1889585454
1391081.9181983734
1149232.1655633838
1706593.9399878625
1079968.7135816957
857199.0657674778
1222193.7209005954
1095922.8573936813
1433455.0818136137
987005.088984688
965868.2204848388
944248.4390116006
1554127.8529695543
1264587.135184089
2310686.1556934915
1113046.6717204018
1349745.1133412542
693654.0258736258
1586640.0551970212
1551499.983002873
2061299.9541846358
655325.4571844036
2076275.815989453
952332.6219892008
1716905.5285718683
1004944.9848789182
947743.5375312193
1514687.2842473472
1233082.7438454237
1741321.3263633007
1925472.0356189555
1696639.4419505699
1708590.6748018332
1040018.4309721248
1448287.6762063536
2331134.0761989555
1828791.6694120928
1102569.31338377
1023106.1324581722
1726359.5118702278
1257854.3548874413
939014.6320426759
1369499.1010620538
1931748.040402797
1578933.9895571205
1286034.1490125507
1703276.3938803673
1113034.3637862343
1335022.1844623594
770979.4622517033
1287323.018009491
1479379.2287840152
1567762.6213799862
1527525.9340970952
1146408.3005159735
1045832.6647128502
2209680.1557017504
1728637.72072294
625246.2900543447
1603286.2487019275
1057856.9613258701
1273806.3793935413
2057279.1629360449
1104292.6963183398
1496496.9438104725
1374139.9542944038
489868.75380378304
1206897.3223821947
845322.7915706831
1823393.6545242982
1634715.7689291588
1109159.3213860977
1117858.0194460698
2185608.4790888093
1770331.6045088295
1778566.9188296685
1318587.4168901646
2339124.477156668
1366022.690822204
1615815.2925422604
1443677.2303801973
908984.3509561135
1384393.399821513
862999.0644594111
1116870.9515700226
2158430.772056061
1475331.0974700018
862960.0730087124
1750943.6008837156
1794288.627308861
1429392.3453167102
1409275.3180950785
1223812.0702537615
1379083.8973737843
1399932.4272943805
853696.7622745191
1395024.4019669562
778282.9094991272
1504193.6105824804
1364188.7931198063
1379391.5663121762
1652295.4623514065
1146847.415847877
1143328.2393103486
1198327.9031090185
1838665.935058935
924251.9310142327
1302237.9157971474
1586710.3648669415
1133525.427190554
1618859.3683797617
1544493.7494523393
583116.601752233
1896806.3194814904
2103685.6898378036
1815912.9142705677
783984.4555086435
1315990.670262992
1607032.6082916285
1864729.8443767563
1221376.2178004922
1100948.8294253487
1851569.302304434
1407488.3911949864
1819404.4545756094
1186544.6619688307
959365.3891459318
1328521.7796689216
1327995.2653957745
1090550.6613896443
1258234.9760076124
1510177.2513439863
1381256.2056858386
1359567.8944449245
1722819.9456054692
853190.4084419394
1805142.012672132
924997.0548710305
1117300.8541166827
1326120.4245615536
1003648.8338155287
1677147.6689718731
1338694.185878831
2087100.933136472
1754183.1909534913
860877.5887683346
1378721.975874576
1133760.046433687
1650776.5499537569
1482395.05435707
1328712.3398425037
1349578.19159822
1475993.016724418
1270033.8745886404
1464846.8829920702
2512031.531844057
1501875.5492797643
1095602.7365872313
1266738.1415352174
1160734.1377886066
1134072.3419655904
1259410.4524626443
1135099.1443422707
2065331.9766557876
2050415.6540432496
1070660.6416402194
837139.6864938888
1695796.3338380666
1621971.4833806378
1151111.8606493757
599677.6476431846
1980755.930066577
1133223.8138752494
742599.8660930437
1069045.149504834
1355427.3031032209
1049809.8491826507
1922381.6680835306
1039111.9604479901
1631194.2959749443
1469735.647529025
2077053.9451249691
757933.3121358602
1906402.7763194756
1279758.5004529327
1079167.0687253482
1202047.14812399
1216278.6094024403
1642843.0242868722
2437023.36656657
1782319.8257734473
1702586.2277499328
985431.1772312967
1537955.4620902918
1430318.7517641867
1781527.6846418944
1630236.4109618028
1565034.4592874986
1681106.13784606
1614030.9229762994
1271509.413118024
899280.3366178988
1214256.3273598792
1130618.4508455137
1410732.0195622235
1221871.978990803
2026361.4305929786
1373038.565199294
1055324.9721836965
1454961.1610214333
1181705.580823955
1017465.2438309535
907872.9479455333
1174045.623241194
1673652.4516719156
1509171.2098216207
1518534.471927201
1187457.5478808286
2050266.9360388673
1270976.7749396032
1140145.4894014657
1262211.0461484876
1544006.3665866184
1555154.9683095664
1602289.5789036802
795129.2498316608
1131087.3850998483
1708904.8116291421
1764516.4357537772
1118573.8409586735
941542.9507910906
1373571.5148082287
1446702.1359100153
1633580.8756580625
917109.0560250015
1008306.2485847498
1939436.927934204
1069376.6083058037
1236375.5543644754
1350410.4565155257
1252340.0682737988
1421779.7106629196
906316.6370798601
2139459.5163381044
1182877.2300045849
894430.8031509272
1572301.656746059
1417168.422103518
1968467.896934613
1230855.7316194137
1546712.3851408747
1628181.163613184
1196081.8122867655
2078721.256376386
730814.4357158927
1402121.9730954538
1736558.505468248
1907440.118079931
1428111.4502352104
1527040.2296854584
1339842.3957399495
448967.42305628373
1172075.6099819453
1387456.674678282
795519.1832562104
1494243.3801843997
1390308.5374315414
787411.2029208347
1427933.3469202444
890245.6703697202
1807223.405870972
1316177.6365939225
1169980.2741425887
808265.045530709
779678.5938847137
1307903.9565441527
1022431.3188917058
1410165.913830895
1321945.9968793578
1080664.8648917994
1504437.219304675
1547657.6099900168
1811041.7542832019
1182246.6328857082
1118244.727275266
1063121.6725982185
1388980.6575968715
2791408.434657023
1976563.1653166963
1447016.557410835
1390921.7279717207
982363.1149918173
819169.0484090337
1337295.8696670923
1318835.4345870875
2127251.20702116
1594644.102953313
1815716.8951201164
1237404.491985387
2002064.2093351108
1044779.7627690855
1758400.3673103699
813408.4487002058
1684639.2602916914
1144591.4230664854
2332890.0863937014
814723.1951683018
1983288.3492532028
1875358.7338179625
1342469.5069535596
2178495.008627978
1960100.5573418282
864706.8483629023
1213619.7986318814
1913556.9790335132
1003391.797627757
1238203.2410539356
1685665.9685417167
817037.2971748553
1655128.5577884722
1518790.3531392638
1592923.1890865162
937198.5387575552
1537250.343883754
809080.0866930604
1454503.0741486629
497468.96288662695
1003962.7917998721
1254501.8380998792
2581223.4625245645
1106280.0049807047
659710.8367661076
1292923.9972967734
1764417.9628475623
1318018.8091470585
1470252.1186475053
1313037.0821490888
1622396.4938129997
836502.4233133658
1233005.2304505995
894291.057069188
1272453.961194857
1444536.9274123919
1672479.8939129985
1473007.1852773097
1714522.1295543425
999805.780684462
1723054.2330974508
2129012.6145140403
1340149.1792435956
1219419.6743234743
1870486.1737317261
2016514.4025066604
1234944.4671647951
2235655.5641673757
689743.2227166839
1527771.769055889
2365021.001491353
1356416.5832057304
2200454.2211899906
1962231.3521816544
815127.0752819035
1325292.3802859783
1647089.7921029178
942342.1837023243
1183794.8389586208
687390.8579788056
1195870.6222786768
1824800.965342347
1277334.3245437297
983647.4153652429
1003295.9243146839
1999270.9841138802
1491604.9962262216
1837180.438806776
1741847.468330082
2108025.8372477083
1473911.740122866
995349.9337983805
1056262.8763429613
1753792.2627432637
1758516.2108821718
1899215.4586790851
1566797.4378227121
1705941.05779105
1309797.2859495447
899523.0518036362
1001569.0034929473
2311607.4585768674
1023909.3252912682
1063041.5701166554
1452596.8613369432
882598.859060297
1198348.4869531356
1797200.5128199123
1756110.2920356623
945237.3775313452
1182369.687095952
1012288.4823389379
1675832.3805225522
935307.3704876256
1460601.581977683
1370060.9482150378
1602794.4801584713
2505864.358433967
2032064.3329229173
1144427.9627691926
1472931.1467597715
1485905.3603320306
1005965.304194892
857599.8701789264
1213955.8642227654
1875733.872787476
1273664.2261466167
1337914.3927916726
1824170.9679014073
1802748.4146347214
1519593.6484818638
1837176.7762726445
1752142.812217356
2013421.01937056
2106718.2246279246
987392.5784468547
731669.9708661939
1713549.6628483944
1020071.7272642191
1730431.813520797
1191430.1058334657
1307005.4568682925
1830654.5445110744
2541119.2229431253
957838.3143420345
2311972.812361986
994145.3405938193
1103244.9398849327
966218.0143772961
1377831.8853335546
1034452.6607928167
1747172.970451203
1683552.07125375
1121377.2199958267
2370479.3103057765
1843241.6920418853
662107.0584341902
1279996.1191977267
1067510.5565865196
1513868.6782829787
1047018.8628297818
1453231.4663983795
1287541.420072773
1806728.5358336344
1035399.0714085363
1446039.6115862415
893744.689711741
2217349.4343257206
552328.8031920847
1292873.834375709
1028826.1873956621
1344628.8639154113
1775306.382913861
1599707.5784675162
1245636.0141269928
1551236.2554369315
769064.5466556242
1683951.4636003645
1242586.3552461267
974795.9542947905
2166794.0415252247
1334076.8297952006
1551786.6688640648
790546.7476105189
871264.8385372695
1298942.4819425778
2008642.3793867861
1100750.0454385171
1173169.3453138908
1278798.3751433946
2114024.569045859
1717604.3540385475
1200374.6094546537
1449185.3973457443
1827858.6077124209
1164421.195200135
1629096.502102882
1591171.2194643565
736188.5135807157
1565060.5161379746
1301833.0955840468
854998.5210349445
1283873.2138790558
1321019.45476048
1973466.3326394795
1393283.688947909
1161845.259041629
2129038.462364173
1553244.2879732924
1854109.714465534
1244986.717718174
1112359.432762187
1960488.0621560193
1059244.69516333
1624382.354245655
1548442.0330315493
1663478.5459381922
1917053.5481014636
1402047.9856616885
1610227.9034990424
1002783.2616469882
2412829.5009188815
722424.842139056
590152.7998886142
1077709.3791305344
1238914.2928799617
1867490.0829021842
1908685.8469485089
1707568.53868933
1772060.8237365524
1804501.7094227378
1288795.0213401592
1800339.0537940238
1651428.3538802154
1010500.4332115927
1214177.1199710213
1460913.0682234978
1666701.8312442007
1304185.7305558058
1710352.842786418
1921204.7467100408
941734.694180768
2048408.6003797802
1506624.703576625
692891.3588365157
1469474.5068683838
1206079.777991634
1406625.3207832456
2670982.5083736707
972865.8006776952
1816532.126264262
1843192.5763965093
1472064.3493162787
1292354.4970753223
826114.0276938627
879482.8853871804
1619333.0075771972
720530.1573617061
1001298.6091139778
1643983.3006019127
1762491.1807076852
1322734.2260091852
906178.6131892351
914712.5017877051
1893311.4686026413
1500724.1631267525
2070550.1957808887
704966.378748679
1853080.9917581184
1090933.141246991
1074189.5391654447
753665.4920993549
1460562.4059156247
1039275.5891271007
1053481.933537967
1389911.7358125916
1710128.2449762372
2664829.896053554
1658131.4199872178
1143795.8227668705
1349522.7417882092
1788916.5875892558
1698232.854641781
1642193.6201236635
1467823.6226224115
905150.2332874177
810290.5271401213
1383429.1958915598
1354249.3242370116
1205638.501728624
927175.6983921789
1211911.456458856
1124046.9141256718
1414637.7018908681
1978099.452341836
1650198.0328684368
1667387.5906769873
1333132.701987212
1585511.2168439694
1679389.8308827768
1376177.48916526
1017543.9669966885
1354596.3269321658
1177238.4652048098
2029998.589992891
2249030.5346488887
1435461.0133951462
1466376.2009869374
1081837.2580102293
778957.6003035195
1091425.9986439107
1153108.1283404676
1785817.9791877565
960403.33073739
1098004.6119425816
1727148.45146149
1455267.308002416
2091949.6453660761
1667928.2781656059
1354479.1820769543
1362726.6454918562
2189573.911424891
1056331.3455266033
1252349.9566688
1783243.938743808
1519639.1592764065
1065162.3450783363
1041515.0614300891
1167669.451537082
1443159.0159027549
1128647.6460597508
1371298.4107777122
1354952.5094253302
989510.7759238555
971460.8792404536
1088228.5068670344
949538.7834047137
1120300.2083237146
1314209.3985794988
1903108.920129981
1548834.8482603726
1760602.1993117367
1572174.902156252
1372480.6133550575
2848696.644409588
1553042.9287698574
1639256.609279487
1214886.036134803
1397822.0586697871
1874548.4486390837
1660744.161198954
1746558.1184375212
1066088.38176297
640429.3929034456
2319758.682258041
1218463.6006697048
1749025.1818202254
1830504.176718213
929128.2253915495
1381630.6913244533
1516318.7419638962
1569627.7461065329
1728284.2549023365
1108375.355389147
1930537.798063717
1088435.3247209224
2275041.2141824365
1800596.076127691
1563204.4050186758
1701618.8960691162
1930621.4058544321
1523605.625881828
1676335.4385066002
1016551.8915265867
2053803.8206232123
1011299.2058641898
1704847.5308203364
1178657.5614619257
1352818.255285556
607782.0106007571
1263083.5440748085
1759519.7264498353
1090856.483549714
1621726.464014364
3164009.7328891405
1092231.197985114
980694.4745469483
1599555.1205034368
1514380.8332169438
1304870.0982454706
1790361.4576069734
609982.4784613643
1506567.187128616
1562448.3713149112
1319801.675281463
1796424.2209627847
1629242.4173144265
2159983.3971086945
1178506.6764396247
1204678.8918502342
1221426.1546135368
997827.4681870779
1064120.6253840947
1602787.477276118
1188695.6022083685
1357543.71496714
2359255.30511454
996509.0646935196
1908893.8259218612
947496.4493170951
2007982.4194126383
1464177.4174387008
1393265.3488396113
865109.3244263495
1835256.920651994
1357074.0338319307
1275916.9141317238
1553906.7726141268
1597682.1813719575
805061.7239419547
1030009.1832670183
922948.5207630028
1760848.5203388284
1647861.463845424
972334.2790733697
1793598.272191162
1541825.2359607245
1969546.1856123547
1336330.3569178423
1267786.224781403
975061.7323387564
2025424.4044892066
889383.2794011001
1254868.590911821
2254395.3803010997
1205790.6598196402
1191178.4666582774
845371.8746152328
1011251.0125750069
957927.0261951069
1166094.1749885094
865169.0933779243
1250990.8052899875
2076681.5466588319
946630.8017876641
912158.9925532382
1033734.1533856733
2441371.2295289556
794759.5126855284
1415182.3726702137
1174949.4179548686
1108901.3979058154
1627173.8388831103
1215820.5634242282
1112523.1168691304
1220015.2054504228
2074009.5575333207
2472531.0856780657
1481433.004569618
1549202.1011823365
1417976.6634988834
1139872.8367925477
1566520.0215067645
1828493.881466624
1389515.200414855
1414546.0244783598
760181.5129519581
1717758.3492550252
2241505.6069967006
1513945.585752644
1130495.322541043
1859096.63957996
1602342.4308388494
1569750.159949465
2126575.1017402927
1417645.6654949216
965958.306792265
1530988.4504805226
740003.9786464322
881744.7293318073
1861624.3111728372
1277462.651987939
1736714.1317635998
1040457.7955821534
1724047.4600834365
1069186.9724465455
834322.2034557718
1658264.0220567551
2676679.488923842
1283574.232141277
1471350.09036487
1140616.3187486024
959911.8611704789
1173161.2172271484
844378.1454412037
1076856.3047321737
1683054.6412619366
843913.3186533346
1732890.8289138733
926496.9304106595
1807555.1145492117
1837976.2374590766
1603638.4276658327
1604690.0119452986
1608594.629738174
1902766.4785865406
1234104.9198575998
962279.3578777371
2055219.6343877732
1237878.8078379652
1095003.290030743
1842413.4092062253
1303110.7247019135
853486.7386781775
1244199.5265652116
1347975.9460576065
1173355.2223465594
2220375.4995511104
1471211.990304228
1540061.0410370834
2250721.4042314226
930646.5918323738
1637227.3878587405
1460828.7876628796
1803741.7830817562
737122.1560664295
1631474.8901639043
1390503.243312866
2208676.68246717
1173471.5312858473
919524.4545934713
1063404.0290302574
1395864.5533658022
1845544.3068074444
1571400.8596645682
995629.9600042278
1309310.2058310078
2595396.906923585
988116.0449448528
2085296.0740673158
1494689.3113136163
1191409.4385748527
1144105.3591202602
1393109.7546142295
1813501.3873453676
2036217.224477954
1055720.3061599554
1268284.9711581096
1152878.2129935184
1670165.289467165
675530.2047544451
1232932.3196617684
2540995.9756831783
1726338.497219491
1346382.8919635597
712774.4545532281
1361605.8350927313
1510135.1668907837
1632172.586960946
1599055.156154842
2060144.341969223
1305449.6002282072
1430134.9937714504
653993.6533891325
2681019.600890785
1545826.2875943359
1008762.7964654567
1235935.08200413
1502378.995317485
1706355.6972992518
1353671.81304418
1334626.1340064395
1681720.5473619078
1249993.7281024302
1640422.9425637387
2112326.7099257484
916979.7302816181
967037.0103431017
1123176.92093928
1553111.8813592598
1112360.3533959505
691469.9546725259
1535028.4811803433
1440699.6761146598
1136621.4203601389
1210996.1391185862
1517680.757271215
2023347.172493404
1706375.5537188598
1559729.1305174525
957700.9708343181
1626335.6022732968
946797.4849285404
453462.4609241029
1132043.1647376716
878788.1407196956
1411209.8723586586
1300685.0775398454
1739738.9590905975
2364556.077490024
1794137.3032242842
1251954.0682223465
974569.6461585454
1459372.76346404
1160840.3797985495
2312000.3343040426
1262323.6747700335
1326132.2239716505
1015750.9667950461
1237189.8721855872
1756653.0606986945
1006293.5795321444
1135180.8469416
1657848.7860643563
1189322.8631116638
929444.2793847434
1477182.4970123463
1812605.0119625328
1341213.2942812422
1219576.235973577
1041966.6590700003
1074481.7909308928
917347.2938865145
1497708.31564477
1412601.5959217837
2019509.6911560001
1023751.1076669286
1369767.029102377
1792597.4090483496
1620722.019288022
1529048.361324295
1748446.924608251
1923585.6373792458
1352699.7897637358
1979168.0622139224
1262457.956187849
1263343.8458770097
960094.518653307
1617414.8853871655
1565133.5854639483
1464590.683981426
1375053.5222451214
775220.538950879
1000199.5906275561
791533.5516886432
1097899.3929926462
1454650.1107787278
1876530.4843796548
697757.9400365351
1639619.7564944348
1147401.102986697
2148371.211976456
1181845.3330682518
764134.0385654619
1012148.3934576878
1790940.6887442034
1167881.437073345
1327072.4598771085
1443704.6334550015
1244008.4878004463
1744065.4494707729
1079214.542845579
1091197.5783253806
2003846.6022306688
1768519.557620773
1569160.2973558817
1845361.9308839252
1524834.9739558122
856878.4888318084
1513766.1308885969
1153327.830686919
1426915.7550016043
1747533.4152567901
1465139.6634681681
1579862.792785792
991669.1900599783
1128225.5224001291
1238137.82393142
1190883.6459821488
1267822.1885570274
1423088.9954386952
1324039.7090248407
663616.0659637628
1535961.02597113
1545598.780435729
1576484.5232009173
1675697.1077430095
2534605.5510326833
1303746.7555885643
1920411.5041772244
1350771.24087996
2343256.1829404123
1257540.4380292026
1528628.5518437172
1837342.689933555
771874.3144599256
1445768.5243335727
1096515.1562660884
2162704.7247549477
1171873.9109310221
1443840.9326690694
1817642.2226785067
1959276.7952972006
1752423.2306719008
1767987.7897745694
764730.8378666674
1290221.5590521947
973886.6134471832
2350539.573735613
1457409.2790247337
2365564.8795659486
857044.6739452
1236445.8864057206
932575.9262347327
1835635.582943482
1050750.5361760876
839186.9260223814
1546847.4911242311
1969257.0368315852
1078317.929609701
648072.6621502952
1000176.3478900678
1434772.8689078593
1157419.0456655156
1032781.0548841963
1783971.939005565
1086988.3729219462
1128135.3463637528
1434469.0794060337
2084373.0533335933
2180289.404478135
1887321.9344116026
1332830.044426867
1765283.837889041
2461321.963628534
1253199.2735756892
1688577.7905826387
991844.2129068079
824291.2918759425
762776.3588664092
1551809.1654056532
2651352.4774865964
681884.4726382754
1232250.640489605
1236679.841874934
1304032.2459064284
872243.0924764379
1398828.9550614846
1101990.3787518044
1108267.3137418116
990685.7719681935
1917923.9271433763
1171048.894741759
1897485.098398651
894542.6653408441
2535604.2788780187
2156542.198567822
1925531.3833928877
1046213.3707999075
1375661.6795011065
1865189.6288639335
1324740.1056623557
1532650.6758724577
1789819.033424739
1846892.9026828161
1696179.106651088
1176359.793350573
1437885.3770778344
1343164.0532417279
2336304.5132595594
2344005.0058623464
1263224.8451423876
1737518.5021547202
1913705.2385626812
2234348.4953998486
2576304.9578895885
1447255.563256045
974139.5322278828
1263878.848881829
941150.6543793273
1699511.9047498934
1520133.866765724
1184180.7114915014
1746334.730189744
1209962.8219218976
1012642.2649066548
1339311.241346754
772976.0424072673
906950.633212628
1496700.1820696522
1437286.8324172325
1705622.8606831254
2027099.4240709995
1602890.9524784775
2011103.4214742142
1180255.953616309
2220669.238274068
825381.4125905827
1468074.4520915505
842806.8893613617
1324425.6180570216
841458.343188391
1070866.1482210555
1996942.4771523962
1632865.8935513652
1514397.8665208844
1111512.7478681554
2518897.6317231837
1353212.2743396796
705648.9630552874
1358520.432788934
1749181.1655727574
1713870.884524983
1229868.4818104806
821958.6030162266
1248674.3406450963
1477621.3422179846
2125512.8643228873
1632130.6152170657
1836017.1694945486
1241932.0518745028
1465294.34671947
1647859.3649684687
1791815.7391514662
1695265.3534877668
2055409.6136170875
899431.7709630256
1902808.6936955568
1716663.9594863805
1612965.5203142266
1335293.20985353
1228455.8930127372
1386673.3411520307
1857337.0125563787
892890.7215486191
1644250.03133826
1145911.796604409
1861755.7739199593
1490811.6498732616
926376.6271776367
1156703.7873605667
1099152.9578653513
761102.0881339844
1110950.415617117
1933676.8869117766
964885.7267370217
1262883.3682586134
2091910.0557174585
1607945.8658533683
1522475.3640273223
1273114.381868816
755962.8777535461
1921284.7125483905
807061.0764265603
2247375.1033175974
1036247.9048611606
948444.8424646778
772861.0783811313
1892870.2443419294
1340889.2845748693
1387376.9476974513
978293.6841871901
1123585.7179802242
1316409.6535688096
1291401.560770096
1042728.2047977644
1853527.3822069054
1010964.6001352496
655263.6995862207
1173149.4423716264
2294166.1368571105
1083864.4462487577
714257.3939622709
931132.0118711636
1610927.4708955872
2145451.114775191
2208353.6575620193
1426196.9866900374
1611511.7364589819
598757.4379310646
1538608.7712183287
670571.8023936172
1395344.0819793683
1388026.4872475998
1695603.3337351356
1702442.4440657075
1515973.8772861282
952412.8750643757
1883366.534698677
1657132.1364563003
799275.2033734053
881735.0951922049
1087083.5522358103
1443397.2875736302
1661830.9069239357
1089357.9168144385
920019.864588298
1468991.569852867
1879978.188945886
1082317.6142093877
1848876.6330453185
1758436.4819195892
1913112.8306704022
1760979.2883243326
1609268.8867968223
1495104.255440551
1372506.9612444732
505339.4107075721
1242751.1108514676
1307656.9803461975
1270385.84819739
1748646.4748523433
1345824.0134878878
1547065.05302045
1073597.630243383
1550966.2607745426
780431.3735922074
1292550.8339547887
1150021.0716542671
1943685.144007767
1854743.4860484637
1485869.3162562717
1225173.2384369173
2625357.9291432686
675952.9661939583
1394982.0990513829
1047852.0551467529
977568.4856798277
1267549.3627032568
1506362.4810172908
1630530.9864580806
591064.6272761942
1967282.1044358085
1184031.2800114658
1670612.7310749637
1471454.9451984237
1422157.2006259349
2280421.6264537163
1027530.9174915104
1195573.2704895944
1219391.3261040766
2013158.065033824
912735.4071202071
1250909.0130401263
1548188.113927705
1350814.3107486542
959086.0684912823
1629588.3762956646
2455098.3176952847
2327721.295308658
1073311.3555031964
1582310.5729484356
1661220.0486913961
2022898.5549184682
1568622.0570234978
1963453.9062805867
1507149.0500669228
1273659.4319635595
1355290.6234212874
905991.2221058473
1319454.3084718338
1920770.0497730817
922630.0806699792
1481345.3079056162
1393677.7029372873
907165.8210152956
2444718.885713434
1220967.0042883176
2472266.9464063602
1859506.6738551348
1835934.1514250056
1270149.2098287744
1107610.8711305265
1530926.6541377336
1854339.4640864842
1280481.062564352
1779134.9904570852
1887527.3512834427
1864102.9890099226
1343419.736377244
1545271.2274100932
1591088.3900813458
1456428.0064458065
1025335.135384426
471941.81247663667
790637.9952130504
1377667.5767645675
1486189.152475097
1622871.537205709
1495727.967075116
910432.2847952725
1927040.9986557604
1581399.0547146115
1862108.6991237635
1105419.5456904075
1547935.8679795044
1730171.6792863691
1555359.6262248766
1188315.5159137181
1031719.743868816
939025.526904446
2071737.6020774546
1192018.6497723088
1104096.170254897
806094.5672954074
1867453.8532573148
1899715.019510955
1810025.3826577587
1232752.56354147
1250758.6568623781
1435994.7192942123
1645143.0952457748
1049213.3649279538
1205337.9585062747
1745440.866365475
745652.8501326272
2581242.002680685
1874198.2894252415
1465267.9878626731
1571237.217638904
1172103.0775587491
1115319.0883036852
1817580.098616387
2356221.429462119
1583195.858414658
1224310.891067136
1749205.1833586157
1057591.557116627
1742123.6252164487
1053467.2505067317
1217814.6413299476
1146089.6682371798
1166421.8268638398
612060.6167985204
1899967.9552205987
1176950.9145621923
1252448.1876558217
1192468.7742409252
1266566.537884657
1844436.8202703786
1685094.9411680538
1767611.1465016203
1247378.5703504498
1759048.2121160666
1746863.1208128876
1393838.7292339206
823326.987429297
632968.4967175047
1411135.0694339224
932668.7436460115
1342272.7159368908
2302982.5481216563
2177801.3992854836
860265.8039055264
1374757.7243256648
744861.1866950477
1939682.8582290504
1081830.6873438614
1662635.376141773
1213770.7110166324
1241613.6310032425
1750935.9929639963
882281.6040304628
1915809.2653012557
1992578.5172647517
1108095.556856711
1235337.2021965296
1625796.6393378247
2065033.4327652934
1165039.0216576955
1480242.2006823206
1495004.6102825236
1180398.5998157666
1452699.2433345078
555122.1595788867
1993568.1826946854
1781889.5398855323
2692790.010162178
1040887.1778009039
1318629.1480434805
1157278.1548822704
919377.3524872265
1136109.9050366587
1611835.204370319
1277547.7483396153
751535.7106521365
1030525.6755656089
1795828.2151257524
1025117.4992862723
1501514.5615605733
1832673.1831563858
1567677.2872520713
1146591.8779048491
1074259.1286316328
742217.4445714597
1085436.7977099107
924675.4492936884
1449393.3398362263
960460.4670434659
2275408.649019874
892592.915496564
1017553.0278077896
1662955.3840087391
788301.5136791561
1366069.9846118083
1017345.6031701434
2311456.1317457263
1618853.1589017236
1630278.9302488226
1897725.997508034
1244909.3771753907
1272287.1869160123
1206885.4637949495
2168387.9156253906
1216463.5291426599
976341.6214813625
994958.9163122762
1200481.0035443685
911941.6801926733
1155548.3791563986
1139276.0472212904
792530.8796368849
1385470.776454828
1667544.952796989
1619575.3629214943
2179109.96360091
2091375.5766712045
1852101.7156291788
2067545.1633799947
1069358.8855026476
1426929.6433022844
1504972.4740108517
1033064.8015785434
2074585.3912213293
1662670.878921828
1409196.9785348955
1573012.7431232026
969737.8299499531
929768.2186427966
1695673.9031966045
2254863.335751525
1574891.1688604234
1538984.8533686223
1647930.140250015
1682008.0987349125
815137.0819533783
1256938.9540945087
2213823.5474349856
1908746.8032899501
1183213.769754258
1285610.3998774362
1417913.84334797
742691.4034711828
1550562.223542915
1224545.9108169687
819966.591809103
1316094.110385062
2314615.6153970966
2138364.648351146
1111026.3254025348
1351031.0098414063
1013076.6064187534
1106353.1662596716
1789651.742196251
1524579.2539892313
1179673.4392061925
1221606.8034431199
796708.7261805959
1571504.0122365812
1902590.278494975
1687837.6153679793
1506906.6170061394
1082813.358613328
1214115.7631312257
1023866.7650894774
1760795.674601442
1755775.3641421515
803927.8087787672
672844.1795554605
1679383.0191017354
2118727.1144595677
1654076.3633177993
1091871.4717927657
1869461.6596373178
1557681.7287815923
1383010.7351307136
1786144.6917349251
581476.6452718006
2271846.940318071
1086827.2486008236
1469140.9266058658
1715699.099378847
1829323.5345893449
1261796.0690455344
1002890.1196932466
1779336.351239871
837266.7306536839
1599149.0468243724
1994291.8343103754
2245808.3891243483
1719997.695031226
1429340.684168977
1966424.4213030098
1184420.355955164
1421264.4095625938
1992356.530614825
1081094.0854106252
1813223.254197608
1310704.585288143
1113551.393364094
1334959.9071036133
956533.8631791444
1393561.3926389671
745168.5452875968
947276.48292946
1325026.3339014144
2257741.9381235745
1326551.526704649
554719.6349311838
1046721.0055179787
949028.5824853785
1601933.8811839723
2072378.687512609
490094.9910747548
2085317.9288897926
1547290.5987351588
1095721.8896417993
1693191.3825344064
991589.4157776936
1233498.6963511833
1851467.1986711272
1798283.8020918448
2332354.3940735864
1642487.7912850976
2188093.5662292605
1249595.2152779507
1636917.229777663
1043954.557755129
1050422.966577587
883452.7870993495
1290125.3589853013
1193709.3452212163
1089067.1750329705
2154691.917675992
1213336.975263834
1020193.8649082314
1264945.2815239618
745821.1479369801
1166665.168093145
1131344.5589151687
1962504.5086428137
1978002.332069131
1554330.856702232
1047519.3840195595
1361837.4793737016
1057470.886218351
1041202.2252560101
1363505.7050543523
2748111.4689159566
1609571.4674603883
1668091.0204312464
971864.3335439935
1469648.2347177982
1385445.4687561127
2481517.74029446
1040731.3404514767
1194389.4022645273
1388791.095559988
1857693.3894220516
1331074.5891230388
1401872.0936094667
2064001.174573159
1379596.4567925362
1206111.5224080435
1465227.867016114
1484646.1144112868
1811764.8342975478
1251041.149122051
1967227.0780969337
1223183.8372018053
1853754.6737463486
918921.7114209111
1181896.7541050264
1494318.2847231755
1270828.2679501039
1902663.2569316586
1731177.7593827376
1179145.6361294938
920632.4023695168
1887101.876158811
872367.0715199512
1768685.9403264928
2629175.258300837
1343685.287116377
765062.0108044501
1223226.825580604
1603585.9105340303
1044496.4864006133
2547468.8797532273
1161433.269422411
2143548.1783578102
721700.9362418697
1362302.5682275235
1626544.1183467985
2040093.4421887014
1411618.7437863187
1258053.11740841
953761.4436104266
1361674.7386585248
1255814.0270634051
1521353.0712719
1245913.2099033853
1781697.035708141
1754720.1361468434
1530798.126522535
1216574.3083649883
1791168.8108227719
1043357.1223385334
1462285.5862062313
1654625.9836472452
2136205.448079035
1840719.2187049533
1227532.1851227437
894291.2818826934
1553675.3610124376
1767218.0396508905
1275426.4001833922
2322356.1153845494
1005386.5184873634
2490045.6347696576
1288821.621703377
928029.5343434765
907530.8331339947
2529675.29840624
1627497.2818555916
882406.8850982585
2044027.86029531
2050687.5206904826
2249643.8020647243
1787905.6247119454
2367036.0023509883
1348281.7360379884
1745812.1690714045
1233233.9562720892
856257.531800437
993841.2311957927
1625557.5856915447
2138682.053377608
1337100.0480113088
1730552.2732496588
1490971.4970410573
823742.364398666
2266324.088879735
1771842.7051308998
893906.2579881251
1402665.3283276088
1039377.2840400672
1333542.574293824
1172945.212035268
1085396.7329435695
1272230.9150805124
1837632.2032572958
945237.1441111931
1952727.0808802827
2328665.9120624135
1324819.4991566332
1390536.831025717
1368557.0029975255
570450.1116483005
798120.9328620809
1099614.889984975
1466734.673870221
1121789.7132765912
1321489.438148584
871965.3421277148
981527.4046690214
835920.8266339422
999305.7054840546
1114194.1679269448
1097577.2560710227
993367.4265443512
1884882.807400534
1725186.854701662
1146644.949301788
1123086.5779130547
1949366.5340968228
674113.8835995639
923772.1876755503
1017536.0745899298
807195.5617443827
1410321.9651518106
1300723.3899400802
613671.6790943232
2250865.107540113
1374319.8566930394
1421038.922763551
1021516.7624670996
