x1,x2,x3,x4,x5,x6,x7,x8,x9,x10,x11,x12,x13,x14,x15,x16,x17,x18,x19,x20,x21,x22,x23,x24,x25,x26,x27,x28,x29,x30,x31,x32,x33,x34,x35,x36,x37,x38,x39,x40
-1.7992345495003272,1.498786137242588,0.7853331397403878,-2.142411300131164,-0.4379094544385618,-4.5537715494996736,-4.66252609953623,-2.8869623293460127,-4.841775467611289,4.483824021866768,-3.5434605333002787,-0.4599441007418097,2.6375499460105756,4.557730091508171,1.2533016911709849,-3.4024616564725996,-2.622849143495257,-0.09951554539405816,2.725817250417464,-3.4640202925393493,0.7980820320227631,-2.0731202777458946,0.5982283145799947,3.794053326052506,-0.4401431090376633,3.7341658287139072,-0.9675749433140526,0.4161735999367906,1.9786886174595004,1.2551374612585686,3.109958931158804,-1.3526665902495245,2.079939061942274,4.993670190280486,2.1752279322345167,-0.2881463827664863,-4.761343758630533,4.302621337675788,4.522770539500206,4.411493676536518
-4.712354580138848,-2.4972981436891684,0.38171446790056596,3.0834096341645694,2.6035907633649966,-0.7010386117516907,2.8528382954493523,-3.5951924251609326,-1.2397270607486717,-2.346963150917762,2.9960222738193965,0.8227923351129505,-4.1553580042365414,-2.538155707293787,3.586137704087122,-2.6707359619357254,1.0677422208098664,-2.734566533865979,3.1244441542225125,0.2782246577700844,3.1629157891663535,4.15834571955588,-1.0644164885197398,-4.329569381670667,-3.249446173111682,-1.020360859949914,1.6614815812356447,1.9776005951320572,-1.1265532212369456,3.499174589791478,4.277395987881436,-4.026251948884844,4.681367934406573,-3.224042840499971,-1.7844326239040527,2.1069374846212146,0.06711529729056487,-1.012354869577984,-2.249842101159596,2.928734997584293
2.200989804892327,-0.6683514554828358,-2.8615884698637046,-1.5274906506042107,4.8695502173078005,1.7012935468969692,1.5504518624355814,4.831315564043415,1.0378529279781201,-4.617698745131911,-3.7621216501481722,-0.9724164095870504,-1.9528063134710418,3.2865871087726664,-0.9697580940089479,-2.110565475235327,2.860260032488192,-0.892043222351222,-1.5863648406316635,4.335930030732435,3.878532943237097,-1.6479020866189686,0.6162270203847742,2.8886796964068653,-1.392036204664444,4.970526253749641,1.6235235668919472,2.3953545022401626,2.9481357676669564,2.8562163083778174,-0.24965499072908148,-4.611521996929567,4.1663820713899185,3.539917110421351,2.1416557590938865,-1.40478517148828,-0.19766038850623957,-2.9035806594999145,-2.4066031846396303,-4.344630642149429
4.1925489052852924,0.10030407003839414,2.58534135789753,-3.5137451292976056,-1.3619418553381157,3.6469920983924453,-2.823986674787483,4.1720257090163635,2.199589835783832,-1.9685572141142984,-0.16633899562005183,1.400658204722407,-1.4415223583456194,1.2320804064937931,4.401857434952026,-0.4764930852881841,2.9147134159085226,0.9171836282006254,-2.278279942541641,-3.821900086586095,-1.3049322750545405,0.28953292591492374,4.154790695349812,2.7536609238502496,0.5086799590402542,-1.0580623768308994,0.20798500346185111,2.8907982819924367,-4.969696533054869,1.1395600400571428,3.083748588007836,4.6129600751943265,3.924509116548551,-2.795761280273342,4.376260696869066,-4.385700062161251,-0.6819744718730201,-4.954429986894647,-1.4286256303705436,4.5042121187249915
-4.921666158739783,-3.9321805336345346,-3.3766503992518833,4.365727012350817,-1.0636163747127676,1.9985720624367893,-1.344049159979026,0.038332789165213654,-3.7149856800915155,-2.1164036080517827,3.7539934178709693,1.1505621870806246,2.2738733074672846,2.131099796461341,2.367182814930442,-4.2713248653034075,-0.13100247348015515,2.762045761938687,-4.899993090451034,-0.6574628989341944,-4.040745418611429,0.6473357401339497,-1.9103683159645684,3.7646077625234238,-1.8977024120434107,4.548318753561784,0.7516708072103313,0.6670386681417275,3.162799275745943,-4.933579723901463,3.984997268195645,-2.2310821938191405,-1.2480143928773102,-2.4450832985560216,-0.48648221583891527,0.683199218887176,-0.5711999538456416,4.693717654514396,-1.6269833314781605,-4.608321628001301
2.574262195302013,-3.2488795525532095,-1.5618024941072663,4.229147565696973,0.22913036015004806,-4.751995044667575,4.748345123604635,2.1345965513797296,2.4799074993145807,-0.2731548284851577,4.3634490040275296,0.7657832973168119,2.2084478617329175,2.63485741210388,-1.1855963748775675,3.621203952114186,-2.4580197746487915,0.20799553199195575,4.400742440249756,-4.571031606291465,3.3901172298096416,3.818038147166112,0.49707729407413304,2.052327364529063,-4.230603566396558,-2.967820175297521,4.475763913195218,-1.1455060542939095,3.387718050109111,-1.8086485864425743,2.3805391551554393,-0.36848056121378914,2.473806326973201,-4.598079455420879,2.2151995569983116,-3.3450999066030533,0.1648922397117012,-2.8789835084845046,-0.03983241253108538,-1.8425889570538132
-0.3026902990214273,-1.4610906305001947,-4.110406506979994,1.080812190632714,0.8303894345018437,-1.6561089893252956,-0.6871888190072877,-2.312602889248953,-3.934381124478273,-2.7128461517087574,-2.5213175812127537,-4.027639711620072,0.6484670069857312,0.6437285036097338,4.079198910978878,-1.091929298960737,4.579371633854134,4.203916007253719,0.9681486537977815,-3.981274438155785,4.009258200410667,-3.8992554878627943,-1.6916006497797902,2.150934057408328,-2.9307225989272894,-2.5410412541179475,-4.7220677437741925,2.0838267929439036,4.507826706266984,-2.0261164484245957,1.3303909359431536,2.773586074892834,3.141527065117341,1.9837429809708462,3.533051184668004,-0.12686590104302642,1.7668410512848522,-1.4266662884628674,4.113852941921914,2.070554287887008
3.133903975378084,4.552778539281411,1.4567159454593739,-2.0653702732346035,-1.518115678482383,-4.124233202162578,-1.03858799652106,-4.168003649945622,3.1779948336387935,-4.676845564877367,-0.12449660923003059,-2.430373175514159,4.413131199514838,4.437178670460769,2.1377195654154493,-1.4476531840272342,2.509977251789226,0.05220433924710832,3.9040767132212757,0.5781125514917465,-0.8559506732635285,3.524385455940223,-3.2552641880350714,-4.636877787601826,4.186937281028282,-4.655779073276301,-4.695056909451925,-0.5124134992345617,2.6480027167640188,-0.4312456918314229,-1.190061162734875,-1.2865856283354438,0.5503307361719223,2.8812773872195194,1.4504640944067502,2.7080763377370696,1.6730197193530527,0.08601735943488986,-4.7426161770759805,1.9763550102166594
0.9315876129895422,-1.6463858702717111,-4.169318604998494,-4.113004749325844,2.6316868707784193,-4.061428784897801,-0.32669600354310013,-2.769388137088243,4.727255999046802,0.3726843708300205,1.1623710721359206,-1.8269508035326831,-3.758331721060351,4.9960529899995105,-3.4703583717970954,-0.3141990705130473,3.091102297375526,-4.0049734747026955,-1.1335610590979206,-4.333053846163469,-3.7030747305995586,4.312396860788251,-3.442636377390357,-0.3176440322793592,1.6014931147250682,-1.9319934665617189,-1.8704016676096824,3.018974947425386,-2.6436460571606113,-0.8150394570568791,2.1248116632289857,0.15041594660148672,-4.67959721838617,1.31498681343216,1.8939974539703002,4.702112139177036,1.6430655285560158,-4.544131861779093,-0.7425162259401974,-1.9206520253781658
0.8051178055356791,3.6286814056271517,2.4441239148109117,-4.94419376221071,0.11808567440937967,0.09768252872332095,2.1572717445935874,2.8309333442343556,-0.692836522291504,3.910958178561742,-3.4285325484623055,4.534326674534414,-3.3864920689684257,1.6292251627701262,-3.8443041488884457,-4.883069699087421,2.38831969152384,-0.2711884645779241,2.6082794177205573,2.726439243178188,-1.7203178552912917,2.7359543314474175,4.187479472592896,-4.77455349374513,0.09060451175793816,-0.36827225987388434,-0.2818947725764813,-4.678470820369318,3.9531053537255794,0.8993512375018717,-0.43228331258772545,2.0493752707879835,1.089524558610675,-4.026935212212401,2.0548925850680853,-2.0366755391071303,-4.2333170961270685,-4.028230676071816,-4.081292919142437,2.6119705622216305
-1.0400733584633381,-4.8904554708393055,-2.522887222190829,-4.590575202935776,-0.7702179438137442,-4.301015097695199,0.44504852223341107,1.1161529444481024,0.8061593965051452,-2.0449228060920133,-3.4712076205458917,-1.3226233307930437,0.8786279977385743,-3.1249434148795148,2.752499068279742,-2.835900516547304,-4.264755385461835,-1.448382253503505,0.3990976870538576,4.954637382764741,1.2940244023770617,-1.5927468367730513,-3.202357906544848,-3.78840325493928,3.0261211884487533,3.8248631491871947,0.3128967354516723,-2.216283181823494,4.870203006441313,-0.09527606473487094,0.4280481749098284,-3.456393226732489,-4.919175379106731,-0.11717758978069881,-0.6240765895224136,-3.361135908562927,4.227831244053835,-4.455316863548026,1.8506610688999006,4.482594345843143
4.491515101223843,-0.7619213450840583,3.3326898883487637,4.663610951931066,2.7721364716014074,0.19091381197532442,-1.7743449596128662,2.5287693565615763,-3.593609657883607,-1.745322124985178,-2.1085606732757327,1.1894000889641676,3.754749593768077,2.6571448386921137,-1.6608485401970356,-1.7626506231535437,-3.456337102772376,2.525048742783075,3.791508756146394,-2.6300208865243055,4.0333635722317,-2.6148811249914123,2.286968996909973,4.1351378004800825,0.9022703603463249,2.99197891925986,-3.0812943200932272,-3.240332852744861,0.34614233694890384,-2.0848576007689648,-0.7324688409685258,-1.4049056089971623,2.1909032997541296,-4.890398451199264,0.8864835786607195,-3.3935046813524457,-1.6510800397832899,1.343553313953234,-4.175554075123972,-1.1402001827242785
-1.5193652101212045,-1.929417641098024,3.221555638964478,1.247995647596527,-2.652363222436069,-0.046147373987014184,-4.910934387141689,1.8926709105287358,3.429652466908596,4.396088595199558,4.277737040503231,-0.710111540139768,-3.041403581368237,-0.2864126203054731,-1.306713142402912,1.163034379940374,-3.5557029342903865,4.233288772075998,-4.467491864102111,3.0479282697689527,-2.720877345940588,-1.429382127635852,1.0769691450830177,-0.0664879447263651,-3.2661448460560494,-2.1718279707233847,-4.3307827505164145,-4.906640257443396,0.49788541865124625,-4.527252548254784,2.4197155630519065,0.17839189337103356,-2.913050504061888,4.843943095200313,-3.6034088751393156,1.4634851126907336,4.255552527537979,-0.9969368485811287,-3.1314569649234896,0.6194676967425581
-3.073265047864004,1.306160053857635,4.41807824898946,-3.2318794316584727,0.06480271194636167,-0.764638492904747,-2.6527871328917585,3.054031085888969,-3.6425593519059554,-0.005075152995060783,3.07217897525973,-4.898575868157592,-3.458289862308069,0.49813524149703703,1.5939644249845673,-1.4864087575329554,-0.874227641561534,-1.8189066479091611,-1.3653106346263524,-3.494789380315887,2.3059002701819775,-4.06612303529985,3.357917345075892,2.1196358739927934,-2.8373374500552186,-0.4740079517687885,4.049482862278515,1.1442359967076925,-2.856580445882094,1.669676261339231,4.341018689702228,-4.678008615510378,3.2468589937520456,2.4777721746322934,1.744184783117503,1.022257222600171,-3.067122303409492,-4.995746938898664,-1.7756813324431562,3.186515587511833
4.834793880271633,-3.8736323672046695,3.4866824664168394,-0.3768968555125287,-0.9156099295628835,-1.2489179342285928,-1.6706347313228194,-2.779831186518348,4.551037014114055,3.2719265969819116,-4.275586868865446,3.1529715279307826,3.186558792527208,-1.2624773328267098,0.30053110822693707,0.5257453793807709,4.651261027440514,-2.907540844291463,-3.470228435053774,-3.5544497710461602,2.3614593686353196,3.5251447607668123,3.8407018129984767,1.0187121086162865,0.4534829535622018,0.0845809604280241,3.6781252968039304,-3.5923827139572446,3.0105191496391264,2.3050971613548032,2.2951625643315268,4.575702188985735,0.04776804159093828,-2.1860565397304543,-1.6556273379782653,0.10006748988240854,-4.661057219752781,-0.47414485789703953,3.3534626627451267,4.152992643700387
-2.43495110022819,3.1935394998447073,-3.5583592316177795,3.6446878818631987,3.1152132181532934,0.2121448354422686,-0.1048668434290807,-3.291667095797064,3.4135599840778656,1.5815023680913054,-1.700830764392263,-2.60775324941382,-4.693253334631699,1.1743738369780399,-1.018511872735413,0.24087476426718357,-4.635279996506324,4.119931661355134,-1.3233372136998427,3.924589376419762,0.6101040192134644,2.6863384403942403,-0.6579645699732586,-0.5869927658617113,4.549390956301213,-2.015291445816904,-0.725479135562531,-4.379427421659255,-4.2819389143225735,1.2019682893540429,1.958172080284946,-1.5505915216740829,-3.6790281215640803,-2.845403209413331,-4.96189953457019,2.8958495642745934,1.5478758543495772,-2.35743191324481,-3.52672460485321,2.9160234800831155
-1.7724741993734856,-3.263107992971501,3.355802859025916,1.0374034564509538,3.849243237404128,-4.91385883095994,1.3014138256787398,-3.7568316663938104,-2.938400885941962,-2.7679327227838164,-1.227422532436186,-0.21369886382066738,0.8416989612784862,3.9926892061837904,-3.3925495016131277,2.558924709257613,-0.33114840976404913,1.8427111985555946,-1.951554810731777,2.8643932276328146,-1.6632690838413517,-2.145291577858166,4.322309190941626,1.8774989290073592,0.02316642872949526,1.226703647004726,-4.671242295532663,-2.781819916302933,4.421224197659511,-3.5118171224139627,4.789979797001408,-1.8629789402667338,3.4629812111409493,-0.7441546080714705,3.647084118616231,-2.751112505778059,0.49700854205806344,0.7978161910146921,-2.4259440110652775,-2.728096399373869
-4.505932527203467,1.2340898074712383,3.0510357915776822,-3.9246215864319964,-4.4607835777573275,4.738557500587582,-0.5889914240726117,3.230019985256634,1.3299698506668047,-4.042383395369638,0.351027259282227,-0.5838000915297412,2.9883469202501933,-0.31699444031482304,-1.9512383525160977,-1.8366210412583257,1.332316873870166,-1.881514961114314,-3.3807387128527937,4.2529775806255525,2.1154002294369167,3.7226255942261197,2.4279008212832656,-4.58542172737265,-0.5571845112538041,3.903484111142772,1.4097856946384821,-1.3926837268516397,3.067173053061124,1.7821948903837779,3.814498266642852,0.9914319693807636,-1.6438569910587542,2.9691122979326057,1.6706528858909975,2.6878715676339127,3.6179119279916385,1.170550978943571,4.460097220227212,1.0426688279059597
0.6635827054592527,0.20549693515101808,-1.0710561892499544,2.1056136830347185,1.9507817736897648,2.961946015180107,-2.142839902117612,-2.523189353432002,1.6329345991023771,-3.003763141931478,-4.588979217475909,0.40842902578662077,3.7829992090596622,2.2828730764999383,-4.503195727145748,4.810574752910593,4.37306334729414,1.6155633544996135,0.5643726097571502,1.6291332330257537,4.513878330720429,1.3899454629795418,3.2198570876801185,3.7215042401695904,-2.5368591550065616,-0.897596842436883,0.5278967526552556,1.9724442917284604,-2.9549283971975067,0.0017886796526997983,4.639815213979592,-4.7348612010078215,4.959986664704747,-1.2244173244222845,3.4887089147032917,4.1537746392305515,2.629082385415958,2.6388165014668665,3.5113581684010757,0.38174543288255336
0.49462403349464523,0.49380059092336026,-4.035221862493741,0.20591788464554472,-1.103842217905921,4.895072873935348,-1.081268597260432,3.1001232803954473,0.6257815172676224,3.9944057484578863,0.3772976471080707,0.19431289339361157,4.166558954114967,2.2567956536079343,4.195907917148862,-0.32877389506859167,-0.3867055300925841,3.044322258476017,-4.528062033267627,4.378206036057687,-1.2314297573590367,-1.8339239336122857,-4.7341926484262675,0.3284854284037442,-3.215808183109072,-4.3711409016302225,-0.18690346735830854,3.600482829132245,4.766539542603567,1.0437526389629355,-4.01758653784202,-4.523941018181803,4.37494109494874,2.2421778167649773,-1.7204914905702973,-2.789868612420619,0.8930503323895316,4.612382769137387,1.2941289248537906,-4.073105247652741
0.8390368514100022,-3.2024986546609604,0.5141435290538112,0.5244916870514285,-4.965232654357906,-3.016416581515578,-4.168097310246258,-1.1976307335514869,0.4841762393228155,4.802738333723344,4.196136995171422,2.4594546826503407,1.7078289415541494,-2.782137539748871,-0.9990405912308091,-2.899873182608862,4.472997836566362,2.9072509107882176,-1.5477258737821402,1.9427385551246044,-2.6252856923188506,2.5979732520405907,-0.5997376825022274,2.013633188163051,4.845636628842588,-4.400657454134725,1.8124729625500215,3.3678738222335234,-2.922696332401469,1.053323609759893,0.18659043682984322,4.90384342808836,-0.4956175292126268,-2.9227757870150826,3.5619047470104164,-2.3009103990546675,-0.014012291309992264,-2.5912407171401397,3.7828787051582964,-4.176014152520529
4.556029858783269,1.1342252356492395,-2.757333655708133,2.848029922269327,4.4407784186536965,2.607774479324611,-1.14037865950303,-1.893366346302341,4.068894220126497,-1.7556296046459225,-1.8477012896174467,0.4905699808990116,-1.9312821211256512,-2.4168770629274667,-0.7803257159027668,4.138105568564875,2.218379363468723,1.0322675770218268,-0.43949647743758913,-2.5088090057972803,-3.6071845725578116,3.297907244446442,3.0991565569062764,-0.901951108752507,3.273300591676895,-3.60917177184914,3.492619020130366,-4.160790229264419,-2.063508177476994,-2.983002270404471,-2.4810863181077067,1.7194446571908077,1.6118576188414515,0.3346183356877619,3.062932379788249,3.4263907051451135,-2.788935345698587,-2.0616923120471107,-2.932648445300234,3.876911894482687
2.1454605879634014,4.390424993829818,3.3768856140009813,4.421496703662255,-3.588134390124787,-2.670083456684048,0.7336996743787241,0.9461898741232089,4.343230237848957,-1.0881718603573374,-4.475953189296515,4.150141217417149,2.1289705476056078,1.542611708939468,3.1613240793056328,2.266929271070124,-4.469395234766005,2.304870012865389,0.9918749974800463,2.990823811101083,-0.9939108973673418,-0.9586353499054079,4.70319230130799,-0.4209901664337661,-1.0215018307686745,-0.8643945703969189,3.061565056323399,-2.385667739779405,-0.8893730410702849,2.6240124317050872,-1.6383035825031875,2.010021065074059,0.5068813121234763,4.114610673075777,4.872254447647954,4.127971006377601,-4.124666058118422,1.921073964445398,-0.18335252651842815,-2.998232528497918
-2.525264854946584,1.894847588889112,-3.669842253775755,-3.4360741906177656,-0.42317734389961803,2.927249816337813,-3.1860619555122156,-1.5324642197087384,-3.0792677445765095,2.4477023932194903,0.2549059078688467,-2.305408804892843,3.5937591132406848,-0.9243546920461014,-1.0679627689797915,2.7273564059770417,-3.8939429723304615,2.35382306431414,2.8242889244287275,-2.349069156936837,2.4516589620911073,-1.2436892813266476,-2.157711405115013,-4.673909635540891,-1.5401320577775977,-2.030437132938948,-4.535255303378953,2.8213540537458757,1.01408487017936,-3.309949268178062,-3.336756584629999,-4.015244396353742,2.2708194346212416,-2.553362476490646,-3.8448266915370692,-1.5718988903748516,-4.631751793364826,-0.43410546906437375,-0.6112980463555262,-3.1598353346798307
0.5327916912858663,3.890652008383155,-0.4146981730726278,-0.2737768346737033,4.201483128156493,-3.77904386690895,-4.199551078500659,1.3350727105595306,2.913944721538499,0.46006001330976254,3.178922402234406,-4.283657955742631,-1.243586864198463,4.378005240516057,-4.183143177697627,-3.9228813879343605,1.8026059312115104,-4.3057272920583305,-4.350780582590445,-3.4204409887043106,-2.9097920760718297,-0.9431995314253916,2.1629252155526704,-3.619304046171038,-2.394054005372856,-3.1121417773409377,-1.608382997634095,1.5555291220386502,-1.1828769207938983,-4.671208417931918,-1.977006328655857,1.2687598525368502,2.842285793838367,1.5000833827820106,-3.2182272417057165,-0.3767905622304193,-3.7151990647405064,0.5793866348294632,1.4880676079219226,-1.5292459269706242
2.091106277191348,4.961235076165178,-0.1973448877756292,4.5450141254195415,-4.946985476931549,-2.3104481306976616,2.89760840921831,-3.089581201143852,-2.64487773908734,-1.6507233066506903,0.5208857443756809,-2.826878874256509,-4.884715968360032,-3.2415509496514274,-2.588367008940637,-1.0661471194890524,2.240887807509548,2.898336348329397,-2.4100999638892877,3.227390762368156,-1.3320497061584664,2.7741632031748695,-1.1263416708315583,-0.9375934953608827,-4.890692993408406,0.05318001698872887,-0.48565248792778526,-2.2950914803641007,-1.3047180427268499,1.0015301618630934,3.887217331891014,-2.1070071987947756,4.06667968761489,1.1568589197688919,-1.837922181638112,-0.8961114925039944,4.783738651209264,-3.728344532247352,-1.8693930250404445,-2.7549719500133953
4.209533390059416,2.0722759717353867,-1.8624782294622424,-0.7329763915588448,3.7780285869465757,-1.4730092836397848,-1.533912717142063,-2.654855964288933,-0.6000729453937907,-3.8126010881013532,2.409910955545569,2.422377689817589,-4.220182774987319,0.3747434277475916,1.829762409079966,0.3236504308867483,-1.7742613928201827,4.001384693207404,3.7748153704170164,-2.8925882298417043,1.4942129020286101,4.195077825870911,2.2627769371622684,0.6301843886127312,-1.8407280485326605,2.318244744003522,2.489541089526587,3.901485620526282,3.5999882820846842,2.106845304098628,0.5267468320681745,-4.401874270738835,-1.4522439419724509,-2.4714698420222625,-3.3970093772911194,-3.4086350095269182,-3.371792980927917,-1.3322947953884983,4.64029577786963,-1.4583182676837092
-0.9260493218420791,1.950668782249366,-2.0048409797844204,-3.5638838483515296,-0.5136972360120371,0.7371692071964411,-3.6596191736062145,-2.0493600541969386,-2.8372561384532906,-1.1072081429333096,-4.212409382775917,2.5752676221598456,-0.12430045938920564,-0.5401731907139657,-4.589837845793418,-1.9694506594628662,0.6535890861517855,4.649374391167715,3.047265099605463,-3.2534960609092565,3.858491943528467,-2.361868968395595,1.14643115784793,-1.257881971577243,2.0797891441833016,3.6582818162499606,2.547753054556381,-4.779522808389723,3.0892959222741787,-3.3950291634146117,3.411492671777957,-2.3300036401683006,3.77730414271441,-0.6721556023138122,4.165553820998532,-3.2498009285204734,-2.6525216434970216,-0.8909017404030903,0.8365192089868714,-4.159421710327999
1.3421066277041769,-4.478814101346632,-1.3637565283097306,3.4769775825776055,1.392269403762593,4.526055349384354,1.1939672909272145,-4.929505383409498,-1.5919609927717104,-0.36766970996694415,1.8388696700350096,3.7065925268912387,2.6194077391660153,-4.392547607983124,2.9379223379294563,0.602349187564311,-3.7039543556739254,1.888352203299414,4.673134846394781,-3.020541562445513,2.8454652935261144,3.0449118447196852,-2.474728194507503,-2.887007130185788,0.38705448797991426,4.0990580192088295,3.6534213973281666,-1.1751189513237952,-3.652506331744314,-1.57113869149387,-1.368148184927576,-4.721913066203629,-1.9839029066592442,0.6007664092393208,0.34420757403111857,2.65205867440001,-4.165356192931109,-1.119971600863754,0.9369034623208989,1.7254790133875275
-4.127869125895925,-3.34390621708428,1.223515729064827,4.309422991778792,1.0974566006569466,0.4147819234587473,4.112924069039792,4.520795384383197,-1.7900510213069767,-1.615053753283581,2.2971946115899264,2.8561206789811324,-2.1335854399722702,0.08803507761291574,3.0415458455245616,1.7763357282755399,1.6744616166313255,-3.8930345818456167,-4.408055263867196,-4.958515949297523,-1.8636098278600537,-3.0901877817785106,-2.535379200651853,0.5221678614705514,3.9913241452562236,-3.3384030860751412,1.338885716548015,0.4707056824609177,-2.2693918013271097,0.35123530177947426,1.6420548745550745,1.4601694057687133,-3.3119358676377573,-4.738493238115743,-3.2456235602743897,3.59630704298311,-1.3889049678060292,3.078334733064029,-1.812706828518071,1.8610211475791836
3.3468438944374697,-1.1155995488756338,-4.494385360401509,1.022110887192075,-1.078845399824035,-4.884297114234449,4.904324322257569,2.389759908591084,-4.2889004575092615,-2.264782287403264,4.122137653922554,1.507532528204453,4.584262491203605,1.8452904667381267,0.4655975684235152,3.6752089156088346,-1.6356755048053917,1.6421706746132347,-0.5158935677314345,-1.2569945785773666,-1.899899259690761,0.6234589431604807,0.5331464695081634,4.691233530370573,-2.1592767050428656,1.7484927057225228,-0.12243789303831143,2.1167186820714043,-3.1049668547094784,4.251242316016908,-3.7901738884043352,-0.2707057303685527,-2.350560985976074,1.2543330193243998,2.471328104106007,-4.9120720665592374,-1.5784428120223666,3.240536161511299,4.3769814476494435,3.4097507513364747
-3.4692260531028385,-1.911328503737007,-3.126474451870981,4.591852397916506,-0.7438192714196843,-1.3291210329086987,2.8408070240860805,-2.131182017116644,-4.674153335050723,4.638610752589322,4.039528526102798,-3.38540554832474,1.1987162661909645,1.472737192184864,1.9949322657701245,3.8457417084942804,4.513442955990113,0.04982839694866126,-1.175056686803707,-1.791008893036052,4.405452371788183,-4.192127503080645,4.110415215422181,-4.315679682696815,1.8927080121673292,2.538916984018246,-1.8178219512241078,0.5690715901692212,1.7476520271609335,1.6851391200942656,0.3589915237130832,-1.7895642241958236,-0.5168639206438774,2.846613544478852,4.636291129929187,2.372724678346515,4.487513520548763,0.14255093145604025,-0.6686912328244627,1.177036740586014
2.7839538550819327,-0.213231287171876,0.11046225286901024,-1.742628923844494,-1.2745275316796278,3.791006320498852,-3.0806916263898536,4.310036986265967,-4.259110233893953,1.7355505188130351,2.445928486077981,-1.7098337144698372,-3.6824560720302175,-4.464183839052306,-1.9912185047045132,-0.5809774605241911,-2.5196999967477045,3.1178677207701497,-0.6185707491229682,-1.6410958546798993,-4.44717134950192,4.539113512664395,-1.7577447600845169,-2.4857487122289115,-4.307862874901489,-1.3438097863843708,4.709126038353762,3.3077128167189347,-4.564764722057486,0.9924337547003637,-1.6719897182828931,1.7635265073531166,1.4957222865601647,2.505694651234042,4.464247680623183,4.774291327218098,0.9070615742174981,1.8381791969071557,1.9461194260520962,-1.38344320288107
-4.816243027033404,-2.930102695613253,-3.833398667666386,1.5281934867693137,1.6852089224749438,-4.74755805287296,3.010097031395402,3.69889608052725,-1.9603587200374033,-0.7215076516203238,-0.5470103636562458,-4.78342552967992,-3.7039254898662124,-3.419763698820336,1.7034941113410191,-4.922680026573029,4.2954216408381445,-2.692374794710843,2.409272652545887,0.7673915651868928,-2.270635525132085,-1.1285955575646995,1.7611543458458545,2.432166714462255,2.009191339083931,-4.326474622554372,-2.0896495662748675,2.849601965098458,-2.4626627141063384,0.8118258779944547,-1.5646644583009994,0.7463390712965987,-4.38654839540483,3.1574563234367155,-0.632294530708748,2.9122315793162272,-0.8849129715475588,3.494470101907904,1.7224496487362018,0.4176377649996752
1.0734259341486174,-4.456093811029622,4.662839743541165,-3.657481977617252,-3.750174535035164,0.8574105331181414,4.939363304916714,-3.2036496223374895,1.709910308883705,4.73679597193404,-2.8741644339708126,-0.2701395884785631,-0.4614665230333701,0.03679595300913796,2.981364495585048,-3.1804285571317945,-3.0345209223890013,0.14445615078592677,1.074808202118886,-2.0672748213715444,4.456489473865592,-1.5097217988055074,-4.299716057856482,-3.270351361851414,-1.9121650350915909,-1.646321712270698,-4.9333823703180375,-4.899513021349683,-3.742091413652055,0.6184659131104189,-1.4824123450602382,0.01928162346549822,0.4374626791290872,-2.2016257474159278,-4.02126643838433,-4.335064496883462,0.7264555108705215,-1.7185307969350934,2.671848862734091,2.242046037225429
-3.6745879191742183,-2.854539624422256,4.91610960685734,-0.020528413995933192,2.7015083989676336,3.4636481879692695,1.2094415470436592,-2.2567724963097997,4.896282133118282,0.6133891722587279,-0.769241650532285,1.0583233082715706,4.74669677659168,3.4959125999584924,3.930163535937293,-1.0404281791285062,-0.15433045928099443,-4.471005107165266,-0.021550822729196284,-4.10397270680762,0.07290668154717128,3.6089656522718823,1.6311942612013643,0.2145058972859939,4.795881621709569,1.412509904366468,3.4578296647240734,2.25382290688057,-2.5002434952101273,2.282626087582668,3.2241118644887905,4.351657338547131,4.883619190462866,4.8689599161604775,4.823250344135502,-0.25592878785008377,-0.08996846472258113,1.4660911274264414,0.29979101308403244,4.724867356443545
1.9109875718023028,4.053356344535928,1.7483878566349231,-0.20009814164630058,4.931895857197819,3.5493668612068383,1.9472622124448336,3.7440620727013307,-1.7304892644789804,1.3134002868048213,-1.7409392747213732,2.987106124282322,2.497867042426055,1.7745311279893468,-1.5598867386669184,0.4888609566049018,0.12034495509904541,-3.6003661063907457,3.3588715400152793,-1.2999220984875448,4.991124669917838,-1.0925796960206462,-4.525711526498657,-3.0876957289218554,2.559558661124022,1.0032512334364476,3.2619427786918322,0.9366981287903862,0.7976525291184187,2.6898777432453826,2.2388360187505,-2.7718077734297593,2.880037870820299,0.5654009080904654,-4.419024497464256,-3.6099814099602083,4.077195670003887,1.2471841148811036,3.840683256351099,-4.109464323763333
3.8037422309401485,2.6750227749976023,-1.234252409882361,1.3944053746145286,0.8973799344305133,1.7821663946218367,1.4645967801988498,1.9761651036024874,0.08197935049152427,2.9463662380006603,-4.943027121110702,2.6847502740673583,-4.8070935427395405,-2.5199909508912075,1.0002961188579418,-1.170684479374712,0.937694999194159,-0.9789594096175183,3.093533679827834,0.14276624435810525,4.38561659348526,-3.5984253848323253,-2.9923067362790055,4.9715517982953,-3.1329141435066736,-3.915767694056499,2.3124871512341825,-1.4178677896698129,2.5860315865293835,4.593890009214945,-1.4461241475374669,-2.866297600007016,-0.6121665308322966,4.067256923183603,-3.0984111722606613,4.085484392909397,-1.7989587475020308,4.219469140851762,2.386955683124584,1.3828574398637183
-2.0508126223168732,-2.1222803994424586,3.6823402335249185,-0.0314943270928989,-0.777549134455346,4.678263580082909,4.77764106490077,4.779077327571443,1.3619745572027764,-1.4035259253967345,-1.8634689344982474,3.6542096804222073,1.406925899631629,0.33138677935134897,1.6314696714719412,1.5092323041781333,3.2334103347519,-3.95212024987829,1.8746490704788847,-0.17022945532965927,-1.5684810806895984,-3.419380897001168,-2.130296885372156,0.16586466588996096,-4.933841208412847,0.8890744166434299,-3.1583779248865214,4.8750149267753535,-3.4916687229081522,2.1874514066943274,1.8098980406662477,1.893050946515734,4.513676319996176,-1.9562103285480874,1.8134700532719519,0.5530698639639366,4.883169598596691,-4.432762157042762,-3.2776340343778845,-2.5974612127168584
3.0056001980100184,1.2126323296939079,-0.9752618540728513,3.4580193540124107,0.7820655009804796,4.202846184958775,3.325705127817109,-2.556815379501974,-4.544698510270891,-3.10143209623436,3.2566327012977485,-4.970588460103,3.113544094335314,4.098394476677257,4.228284297058147,3.750661654762375,3.7859382933534427,3.3921473184212747,-1.4225544878143048,-0.12091197962317146,1.6808822353027741,0.7075746830696588,-4.254148079106562,3.523263022815973,3.843992906592341,-3.8113090526034465,0.04692353992083209,3.683450677759449,-0.7896718786941221,-3.2843539869920457,2.668148105559151,-0.8370257464162201,-4.4840654368682475,-0.16725166762358512,0.41075960896771324,1.4484945041626096,-1.8437094174556732,-0.289555294851632,-0.5279360588810702,-2.77592816642867
2.1085665719319326,0.9509156399113969,3.9928782701680987,3.4040587254979062,0.9785255837155216,3.0240504275573894,4.040030942612757,4.66013078427898,2.0431017614829052,-4.90470893396897,3.3741350425292396,2.6357473398154587,-0.36955699597961456,2.198302986144557,4.309231007942799,-1.6681922919311343,-4.0037307527799815,2.867366250283025,0.4346319099098661,-1.7013748469356722,-1.1844352793257023,-4.439483258219532,1.2493730545692205,1.264877524449303,-3.8766354480103775,-0.41819855143212425,-0.4394109969488804,-3.95263722517545,4.486978515692474,2.0717130475730574,2.833974862607807,0.5257925872456148,-4.239964437795386,-1.9950222558411057,0.4978012161642962,2.214744380877507,-0.26465622296673885,1.2841598245609864,-4.554092779710204,-4.963698813202504
-3.016644518571858,0.17494038011269897,-3.9280227847447575,-1.6206020458649788,2.170410912588057,0.22936522482085664,-2.182970709508581,-1.7119213876648058,-2.6630985042469177,0.5511093514237642,1.9960709902753138,-0.6756676275268712,-0.5366373864978504,0.8491050324306917,-2.3310656208043383,-2.217074084783391,-0.9250774812667366,2.073714095942652,-4.717648402684438,-0.4624204637238858,-4.687167118354104,-2.539477194549082,2.6598164955191352,-2.1562342414044338,1.0569364797538583,3.517932886296851,4.524143231880085,3.214883820532565,4.428242656262366,-4.576206911681983,3.3787637177505676,4.6274047791001856,2.4418479594651243,3.0470335257501464,-1.889036459528632,4.070645016145516,-4.190826739952221,-0.7668094287748701,-2.454275340911043,-3.1270551870035668
-3.4051745593404603,-4.952248357795376,3.1254375128763616,-2.6840886296975976,-1.4302807206592,-0.19815452893921126,1.8097014945279541,-2.8518786045160924,-2.749230178972826,2.6190445925639727,0.15917628009925622,-4.575279804661939,4.691658665724107,3.732472466137068,4.154136749049842,-0.35459657752519824,3.4744996823160115,2.1066039827427963,-1.8768202877376994,2.495974477757601,-3.19360474636162,-1.6601593828027927,-2.561151786444344,-0.6511270713977897,1.214915293807608,3.271536188360436,0.25954061940323125,-3.6886597421952585,-3.1904935717856855,2.912554752590948,3.0469853223316328,0.5558802907398892,-0.030089425333001962,-3.2498638424281623,-0.7793371276867376,3.3641828933093016,0.5934113376545049,-1.6500164647975697,-4.517770662663217,4.771613669303743
4.276796872641736,3.0983266669330316,3.8953211601739532,-3.041550328686704,-1.3935478329284527,-0.4044096848676402,-0.8579112103266624,-2.00949435766696,-3.814667556732228,4.5947954862787235,-1.4608718743513909,3.73360433856873,1.9828712921005405,-0.24610939076063065,-0.8103777452084024,-1.5687548311743194,4.38114500605851,-3.1655166721514645,4.757117215358825,-4.516198387761017,-4.3827818263868314,0.9594601402551497,0.963575928504552,1.9481449667876358,-3.4071442814497424,-1.360941099450483,-3.7850503138043523,4.0816249596335865,-4.528052721540558,0.5325381843482404,-1.1657089218149275,-1.6311856231211381,-2.845454155193142,-3.3666387826806354,0.14232489703358464,3.530622410130688,1.0857431787359886,-1.6938491218550262,4.791815658657306,0.8177169113183922
-2.367502851287924,4.103658359739871,-2.2526863785139706,-3.0729270331269323,-0.28416707810581965,3.5846959463492762,-0.31383183144814986,3.47226553856086,3.6193795180647577,-1.2708255247724383,-1.1839939382981712,2.773781025226344,-4.432098241501375,4.287903357613928,0.17618808415801546,0.5654584992198721,0.041941655958080304,-0.4593572094573659,4.253595887270723,-3.93429501129528,3.474381284895074,-1.9662473554883353,1.5507541894772263,-3.1585717858133777,-4.740580892561353,3.1322496359727126,1.3102205758977021,-4.223925930634479,-4.267216390847653,-4.703168450561348,1.5181072106292142,4.820838864122724,1.1105249347644506,-0.980095054480242,-2.766648441675361,-1.393008376623508,3.2122085689975783,1.4943722198461238,3.1032743094925745,0.10136386537503661
-3.6369409363906433,4.034423206192779,0.7290598234206467,2.405637827594288,3.0484089036898947,1.3565965798550685,-1.682846528921027,3.557427013293852,-1.1580327778648778,0.03219017792924017,-0.18784179086662256,-2.2354831005015754,2.441627146875117,-2.2694471061676023,2.50509126729444,3.575202422515261,2.093141605416184,-4.721215680065011,2.7206978651196287,-1.9729458876391925,-1.6278473429285416,4.808759907621091,2.5515129346237098,-3.5770728311861566,4.935678381712156,-0.5400848551691153,1.4480986333070325,-3.091299636129027,-4.84898943787742,3.1287832593806453,2.9913219164789915,-2.3089381647380196,0.7587200033461725,-3.3882172427901613,0.5102330616213315,-0.32803280376881006,-4.619158697369903,-3.8178186975070467,0.11491081961863348,-4.640115832171043
-4.964653978128664,1.7045082870132795,-0.2045454231508712,-0.9552928107816197,-3.2316059374036676,-3.679760139964103,1.7602321724327261,-3.734494775927955,4.1840407146941985,0.2308889004893473,-0.7361322722828199,-0.19332970337005406,4.5394774430837455,-4.178377589208007,-4.776658298304896,-2.5826881824314767,-4.23271215742112,1.5186586548555585,-4.1246070348459725,-0.5630626126101737,2.0553548760880433,4.652537617916305,1.798745834863987,-0.9744494834434132,2.8400272338676915,1.6417447270021306,2.521384036148553,-1.257943702360956,2.846738242318752,0.8746249846725043,2.9584623798095153,-1.2299168672007332,-1.5186932065405419,-1.719208221467341,4.698887225788518,-4.7344038591157975,0.5545313803339713,-1.1553296422326342,-4.970992853727148,2.302452634141316
1.2178115049086955,2.0942713808298565,1.119151011239162,1.0511078867470722,-4.135991225559961,-3.1570958113033307,2.0281492233778264,2.78566631443689,2.7101258222854083,-1.2141212548676434,2.0864501040721954,-0.14094417386977387,-4.4609188974174705,3.196969647717509,3.6971599897720466,1.3114431660944392,3.0566437018722894,4.707398768109959,1.7682165827115783,-1.2162710029391661,-2.399254438865879,3.473678321802584,-1.6336133657345315,0.3851323558085884,4.9626651661012815,-4.221384011717772,1.0070421142131423,-1.355159587507269,4.9981167063831915,-3.2152243389410264,4.757164881667116,-3.1949356890160763,1.8863902614623438,-3.9199187742983854,-0.035960709737812735,0.49236176890182115,-0.966026738990382,-3.589906166319529,2.30783138458433,2.6833245962113335
-4.176009921972389,-2.3231784477607453,1.0570560152699349,-4.451544413586357,-0.0679836327520098,-4.931749858812572,4.35106899749497,1.941233223464459,1.3900096689310963,1.0199393311537408,0.7923508027623569,3.1095030283146166,-4.615507828106428,-4.146718004791786,3.427015701536307,-0.9616538727768615,-3.2519853886644716,-1.0206025547234803,2.099603424488313,0.5259977953208148,-4.022408045489587,-0.29269277253065606,-3.6894956708698565,0.04369479050965808,1.2488067255006055,3.230560157323767,4.80003257109869,-4.536867222761585,2.4825615441950264,1.3825700477818978,0.8657480758032543,-1.2559012813103747,-1.4897214584099814,0.26696107780218004,3.8371736818435878,3.2666546059721426,-4.0489920100537455,-3.3763371130231032,3.6391339388454274,2.4919647521501753
2.6013411617087723,4.082957272403192,-2.2068042447869853,4.177209071636231,2.0888618115200908,-1.8959987947050831,3.4057349989800088,-3.8199386076600064,4.133180800590333,2.820183278160725,-3.5702363786847178,-4.827475012233954,3.0615358683733405,2.4140172252167966,-4.421051790614991,-0.6923403333803861,-2.558524543978672,-0.9323945451970879,3.2424443864924193,-2.1266730492622914,-2.9889404561085775,0.34010601347762126,-2.2100030285509553,4.842712016833644,4.008988765096188,1.1565207753035285,-0.7082587736480361,0.48268528087447393,-3.318919365756288,0.431405090882393,-2.238736616104999,-3.7556930915865676,0.2919728499954344,-1.6045572548614828,0.2516832037181782,1.2238219026758408,-3.673661724566399,-4.47951776419556,1.0465604903839196,2.2930978042482986
1.1028656449501808,-0.1833516496922618,-2.100921851912752,-0.4530523431014819,3.8011585910747065,4.804371122442602,-1.746272807119321,-4.65841150917397,-3.0224691646793227,-2.579799959748415,0.4352163597265699,-4.237390080078652,2.094448745496493,-3.9740455560769985,-4.3573288120810085,-3.8729393172537754,3.8867342621893677,2.2931875074535055,-0.991923356894918,3.6237109407449513,-4.50689747895122,3.6304506881314236,-0.6069713984954186,4.812209620861076,-2.4097733148968645,-1.437690632921869,-2.587594356622126,-3.011617398919539,1.6785887476224248,-0.6651641166697928,4.945574046695336,0.6035836041272997,-4.057183205734246,-1.8716058824326511,-2.3511171471849575,-3.6474759947773854,1.2728488864723166,0.302765519191901,-0.11974269348099043,1.2411689919265978
-4.399262468819171,3.4252801285603987,-4.842223682422578,3.250504842048098,-0.07673597131908316,2.102826320194392,1.8655768427221524,-2.943699603205701,0.5072978571789761,-3.4003991370548734,-0.5850114044430041,2.040352649258236,-1.0163487638658681,2.1743123239844317,4.496156813228927,3.3515393948110113,-1.737888898976609,-2.1630147722353583,3.2549896473167568,-2.538542034819813,-1.6185489344636066,-1.3586585712610573,-3.016806718810124,3.189202624645498,-2.0480542161056885,0.6958486666510666,2.1294495117857606,4.994605898448029,0.21262781431669353,1.6043751375195692,-4.2356332643693655,1.6509449597696024,1.2349509998730612,4.4084330843205635,-3.8750403050140596,3.7501072136838793,2.721436594309207,-3.546989547169459,-1.173315651687974,-2.6393628702907344
-1.5350501378776804,-0.7403114720879937,2.9910370643429403,2.547408222390515,0.5937853150118277,1.2761658404086056,-3.5146084474198727,4.8238930898332395,-3.9880584461984796,1.0636376071185962,4.957088463967448,4.744721483264506,-4.769386684108552,-1.8116723154170407,-2.530423519455336,0.2085728927250159,-2.3386189860493896,0.46955293244947516,3.435204673550496,-0.3287362575532189,2.7915896867600507,-4.218549803487655,-3.7035512558551593,1.6658711742270293,-0.723205611628984,-4.142945600557466,0.16429285091195656,1.8840384566906714,4.6770676682955585,-3.691660276147318,-0.8418934657526602,0.2973518182254651,-4.873641986376457,-4.142073075831707,-1.3805484170736442,1.9354072419961597,4.0124156356096226,0.3795951272458513,3.0807477873759836,-2.0581222279159994
4.667031468055306,-2.660999451362664,0.8138149002599935,2.0038785556734853,2.4419150806226906,4.383781833157922,3.8103716410559905,1.1369403632907336,-4.55633767312405,3.7546368964403403,2.179682741036375,-0.04441280633820455,3.5604362017044124,0.5782602708867266,-2.8767219931725294,1.5437997090923368,-3.486739630237678,-4.878989511685932,0.2885013146330806,-3.386901128785849,-4.404209195227014,3.447505608688367,3.4066495957480623,1.7649188799432123,-3.4744233762823633,-2.8924651209924437,2.3998585692004335,-3.7106993139193825,-1.2315146844219456,-0.6803383051329801,0.8886482327515299,-0.7977431882021166,-4.403497926786523,-3.4912407122772713,0.3715308861837121,-4.097895250331215,2.168000212141018,2.050750605956285,0.4577257405645918,-2.8996435947385892
2.8089849888239673,-0.015511927669750847,-1.8454784294669486,4.389327524645761,1.035381981668558,-4.189210236630467,-1.1598769439316263,3.014899699432531,2.698446046178872,2.0935245188744105,-4.839122809154529,4.403321509381406,1.5224214094927193,-3.57137580440329,-4.988803281751968,3.9832563524404474,-1.3261288717518047,-2.521763169554634,1.2965044206621332,-0.22854997219710516,3.992239769164554,-2.6683301972845723,-0.11252859630097944,-3.470827598372135,-0.7793095219207995,-1.8645015832032463,1.488111921279116,-0.8187054949763137,3.745026798328615,-3.3606794993046973,-4.790777259721815,1.1651597485993435,4.6629641745717425,0.17268924311616196,-0.09874629064007667,4.175928922534336,-4.467102621805678,4.245830303196696,3.6654964833914843,-0.2081393310209423
1.3017267447282705,4.706973881229533,2.3615546245914327,0.25553416552400776,-2.706194682370512,4.466674472984305,-0.3569973588227473,-2.2128883272876037,-3.165671312571058,2.173028394537109,-0.012302348274789487,-1.6247917667330602,-2.4856031916099126,-3.9185528935476475,-2.488867356531074,-4.490501882511823,-1.9582075887978712,3.322589704452973,4.982094259078313,-3.6744039811088065,-0.9569781222544753,-3.947845401203102,3.6762390896095507,-2.9408422111135617,-2.709954802341078,4.765055909170977,2.3393924435495164,-2.084915500667059,1.579727740871009,-0.5085391680718985,-0.6824146560033366,4.46833773146507,-2.1067345385629723,1.0930605875127677,-3.1897979830699796,-0.41704856835583826,-1.991091483177874,0.824972132084703,1.576594560918382,3.818605418475162
0.3018288921986336,0.44340910878887474,2.4542482762904427,3.104161393809818,3.995311508427285,4.174627132827757,-0.16279220903139624,4.7574041299573775,4.463789658196335,3.8924779636856783,1.0010307991942433,3.320578580360694,-0.7208268601139496,-3.976140859377036,1.148015363865536,-2.9745363084366208,2.6196242703994512,-4.998632128701194,-3.614212335102974,-0.31601212093858155,0.447707582736121,1.1872505920083887,-1.666532860552692,0.29993834744878356,3.06536457118281,-0.7534827747966393,-2.861812666189495,-4.23519631997409,-0.5628128116525444,3.718223615178575,-3.633430681408539,-3.726341121940435,3.7589228294528105,4.727299905591719,1.3000616014128132,1.7905061819451422,-3.1647730601278177,-1.0739566591620298,2.9385000581961354,-3.212914076284555
2.6630153805772503,3.1693608604970294,-0.2995737446974669,-2.906599672711053,-0.539566725829717,4.240408095676468,-4.301773958399311,-0.6179334529271987,3.3901895245400375,-2.87458961242044,-0.8895184893487702,-3.8011433379230413,-1.6502531211138276,3.468066208436266,0.8324468038780717,1.1454837900812853,-2.5469831624158306,-2.3109424460465835,-1.450606323270336,-2.8353019219796574,4.785224060371824,-3.3221539812062826,1.3347302706373725,2.2149325348765814,2.4545599557752436,-1.7333246496615802,-3.544428558513504,-3.3972004076039717,4.537824843171476,2.815602430221995,1.3907581375896427,1.6016984582273253,3.383691408943699,2.258545278381991,2.3350298620700984,-3.7051377600113753,-1.0272608302649417,-0.7307388845435323,2.5857194637973526,3.243069683542366
3.0343642596331595,-3.831753848039969,4.607188273413858,-0.5307838174235506,4.401228499123388,2.8641418211257976,0.6430241466223618,1.0136422573785726,3.3244882722607443,3.393796439904598,0.6861779893857669,-0.6507853428702992,1.601671201440257,-3.2090357177914166,2.20345688192653,4.000849038758096,0.8158002256653436,4.785551752840352,-2.7319684086380636,-2.7035557013246105,-0.32798844556483875,4.506788088562917,-2.596046459497065,-4.453724772719343,2.592523556627807,-2.4093907638012806,0.231107282330564,4.029266601377566,2.7157275780320598,-0.8860410008868689,3.3034649214124254,-4.346832610240253,-3.65591375706427,-2.4129853610149214,0.008676025533271847,-1.82040679925406,4.927141509373211,1.3080869632200525,0.7224664939177652,3.079812667495519
1.2942539958851063,-2.963953676462452,-3.800285958052769,1.8189822359445573,3.938340606155858,-4.295885193369073,-0.7373335223632065,-4.083657359695814,-3.863808053939228,-3.9166328355784135,3.2114998167277236,-4.984879123574537,0.5380155896046706,-1.4724048996122163,-2.116066503637933,3.1334646240225865,2.3035641891361545,-3.499102041428226,-1.2956507288892354,-2.66285368624959,-3.1646764754301797,1.7503901508757576,-3.9942231897745755,-0.7522824250625746,1.1968189269053662,0.4677397981412792,3.0394275541959086,4.597025926741125,2.013076320291196,-0.5962722309823763,-1.7994476226535627,-0.5663000539949872,3.088099226844186,0.4473765514832202,-3.2689775225029347,0.33256505564254635,-4.682764434675296,0.6213407004929508,-3.1892754614602814,3.392703192147737
-1.6035524686349536,0.19237575005416563,2.0113285986819047,4.990435239732477,-4.044670027392119,2.201612862269526,3.038265884423341,2.193736393399824,-2.596023724950129,4.354039846663731,-2.1784367524839925,2.9041237686041512,2.5018317340352176,-1.9459948098616864,3.2862367867520508,1.0071804779518772,-0.5444634035233804,-3.5589975200834756,-0.8955472073376054,3.298878918847155,2.809106367940436,-2.9530278750474093,-0.5736077137713638,1.0775584152559112,4.432128390346167,0.3639098291056371,-1.5057887799625562,-2.705122650981377,-4.150227483076849,-3.7744502277515264,-3.870721526950932,-1.835548846545433,4.297032157973808,-2.613880748265109,-4.787261531928957,-1.1062017826267678,-0.835635245709323,0.8638814781693718,2.9642725898590125,3.5403705345357714
-2.808723551474987,-4.302277387520389,-2.063025835352184,-0.5637174483636906,-2.269817460040125,-3.0881004032706887,3.4643207531329825,4.996112060104158,0.32055289409994003,-0.6643838576235028,-4.317156887786202,4.612221222098116,2.4092147092973413,4.866222328235784,4.202284231237854,-1.940697287466064,0.14201797993711995,-0.5659379445916279,1.5306001325370495,1.3951216587465618,4.369692386607504,-3.531482191565175,-3.5656780380915576,3.580214756053026,3.941584308311132,0.2888198353745395,0.34471625645898385,4.757259442054124,2.1757668425679553,-2.133858803335606,-3.3704576272933995,-2.1963943410321924,-1.7573173945662601,-0.8001768989775284,4.309927415330712,0.3651700537382583,4.819661308825614,2.1460663218758516,-0.3342180335583649,1.7968467807295996
-0.5654738428780712,0.7609908278528819,-4.470144498453708,-3.1177396033332645,-1.6943437421696683,-1.2945202428555858,-4.118041952751902,0.3340051969074551,3.973520591173333,-4.946081378528805,2.523994270292481,-1.4521427308543466,1.1365458755624012,-4.2155769432566155,-2.522974710113865,-2.939527293020075,2.812480189049424,-0.9126382809454654,-1.3460362665235266,4.577680211960013,2.6481135802529767,-4.63375585825337,-4.159842034229952,1.7170532041772288,-2.338383947655229,4.615498990169595,-3.907895402365038,3.77080684373475,3.1295295124520948,0.16842792816303565,0.06811530206218563,1.1241429546360893,2.6579549974216317,4.876562679973247,1.3331303365532055,3.0259265881924904,-4.362598447168073,-2.3861585913005747,0.5499012289407386,0.1554312067259156
1.6654745242584044,0.6746318098948905,2.8388726130492126,-2.73687667592243,-3.187270779535883,2.33803170183962,-0.22994698234106004,0.4876994724573125,3.3424889410964607,-4.428860220304342,-0.6900021508873975,-4.924137279626028,-3.8014693198574347,3.701371327618535,-4.012081049098842,-2.9094506562211992,-3.37894068421694,3.950240365505005,3.995280631209832,1.8404454543516167,2.5819950132054936,1.8747832044008907,2.776385495541872,1.47280615984105,1.7147300185842855,0.5987995993152371,-1.9461677395523806,-1.7968649175483358,-0.006550363987139818,-0.9093974020192146,2.6396280843713598,-3.167309685100765,-1.217777168065139,2.364794651371187,-4.709797793444724,4.72867597121915,-1.1472134012550832,4.704489781179008,1.1073330727402828,3.4269502040268325
-2.0800553032001345,-3.1528498760470987,-0.08187157359695973,-4.354738086280793,2.319510438013813,-2.1227071067250973,-2.36676369545703,-4.053510313945246,-1.4052404573744588,-0.1215789434230361,-1.4164282593102406,-3.63113189061494,-3.728494389095297,1.6632155846560845,0.9055919019930689,-1.4587527581554527,0.9136441228951124,3.1583074524074632,0.8986401605429002,-3.8351406050946943,2.6098400127070764,2.2566679322122463,-1.5733295030034764,-3.843830709603563,4.554655587223099,2.1414669802343935,-4.445837219357509,-4.513651760949327,-2.89845424128358,-1.960060507909012,4.318946483470862,1.2314376133156388,3.9296507674276633,1.3754510636274189,3.3926980641325137,-4.174554242233956,4.642051410279214,0.2916057899418014,1.646111408758947,0.23911291864744655
3.170941006278058,1.4635583166091068,-4.421073188172099,-2.452215243180174,-4.587200460296136,3.984697807026233,1.51127094197048,-4.612416409359847,-2.201562367922824,0.19770217806458312,-4.649732423230523,3.580803212436809,3.91672365649468,-1.0480906894878017,-1.4161065002282873,1.2713894410864421,-0.7276363810342543,1.341345809940341,0.7912002223888281,2.5846731046454083,2.951998164926767,0.925732019620094,1.1811232418133022,1.506112425611561,1.7510587241767626,-0.5701435802273958,4.614923831730518,2.492207416295588,2.4515094230543255,-2.0594406493277657,-2.086218919594256,-1.4857112654666267,-0.3772862069815277,-4.179258985225779,-2.862507845907862,-1.575601341984616,3.95271760636653,4.627842115457902,-3.7917552355614697,4.948832349300453
-4.2140621999117025,-1.0279274218628567,4.927656200763359,-4.679726879703558,4.09406626380607,-3.548965602054518,-4.533747900137131,-2.910516757893144,1.239003604973675,-0.05280034626830421,3.8778785443332957,-4.341278726900134,-2.9375535729338904,-1.5003968866284865,-2.6454818476778392,0.14836400757044466,-4.717510876309901,-0.5223274248615901,4.166131926279693,2.37099736578795,-0.21877843522979834,0.16849752591077571,-4.977569209953788,-3.518955397357111,3.6986204747458977,-3.696715365868452,-1.2440280535772303,-0.8968801083784532,3.6096157239169653,-3.348055638824122,2.715802794600255,-0.42622477761082234,2.0738979712070655,4.021837985910658,-2.1997746669442284,0.5209804800574798,0.035868359356171275,0.33304636588233993,4.605685026257005,0.6648576654900076
-1.3876519890413275,-0.4011309387203692,-3.440215287304953,-2.6561042872387484,0.14671917857305594,3.9044883401381743,4.431081618856879,3.300293148119625,-3.2399350122954447,-2.3635991938137857,-1.257976588825283,-0.4133930557427492,-1.9127336759821634,-0.8955810713603229,4.594857602323339,-3.3213276187180476,4.771371299416018,0.5929184639745708,-1.4258403150398689,2.3950060882349122,-1.809590711268993,4.707041338033276,3.0163759150152494,-2.385860570279407,3.7161009028409033,-1.0854881506298852,0.05814949149533888,0.20863489626391196,4.950589598432533,-2.185447646704763,1.6655008861752005,-4.97452726706291,-4.038764390018772,1.4772560241096135,-4.662560325781655,-4.506210864901217,1.3132196493256298,3.181357980878598,-1.1205757161709635,-2.6502681311660425
-0.9712751979564951,-2.2390583250629845,0.5791961619183184,-3.589472749286977,-3.0162894760100007,1.678065667513927,2.072428308985142,2.1515296221029665,-4.867070189782065,-2.2940080376249536,0.5985250063073044,3.3747186291194744,-0.49633654006724903,-1.6132805738148512,-3.2037013935385437,-2.7097494585804798,-3.813933295866758,-2.5968227558484624,-2.248633915843246,0.44178665091821223,-0.563615071743305,0.9975613863181474,-4.457549533253295,-1.641096815355092,-4.623647309608424,2.710651224076206,4.297184770599902,-1.5540943770290232,-3.9465748972599064,-0.3018542538693607,3.018785777123794,3.2949005776917915,4.821577364172233,-2.1336078981101183,-3.551532651314796,2.3456923415939004,-4.4795176938458425,3.5065471005368707,-1.5701668328105907,-0.19198460793636585
-0.09495261167810476,-2.0127961706065167,-1.3852867186668583,-4.178479306441824,4.7098937764653055,0.4411908597381933,2.227264836134526,3.3817035776369764,3.6457771420776695,-2.3005026933552726,-4.758261087179758,-1.891666835575521,1.8431493259768104,1.2754451586033895,-3.6695127471880244,-0.8023927115041216,-2.6865511099998267,2.2436904063110683,-4.621384105060618,-1.9131228647416236,0.42075285065256374,-2.1699499582457964,-4.427639819391093,1.6347265053658422,-3.283766882939225,-4.309642589352098,-1.9828987721888538,1.6244605218134787,-3.0441130287955636,-1.4914686996390678,-2.5801293594668464,3.5575277756324972,-1.3227895194316002,-0.9420045740376546,1.6481559314106464,-2.176419082846739,0.8063768370680746,3.8180175641675405,-3.6239268706501857,4.124928000177331
2.8974635294061413,0.866235199463893,0.7578832993644848,-2.019666070977296,3.6818040670960723,-2.728884991070459,4.5499501985636215,-4.807555791170759,2.6000223893869947,4.236410183791396,-4.111930138664349,0.8431193942579327,4.370287145319754,0.9320776191252946,-3.773413294939795,1.2086364425439067,-0.5696260453236563,-4.961440697733411,-2.0797328630926817,3.5407490423255386,4.091987306663928,-1.765166814014294,-3.770623727439499,-0.8204174558825859,-1.5243586339643178,-2.9886715881001438,-0.849831257022343,0.7379819724805454,-1.1086785054739279,0.3856405016803599,1.4234185815219238,-2.7767014543928807,-3.4280867695707897,1.0628041152393477,-3.9021631848078724,3.500784995344114,-2.4498452159809165,-3.3747784723718013,-0.2877524565407015,-3.598389045437563
0.8649475765881558,-3.7218855351380213,2.6721326425715617,-1.1701398562346839,-1.5836451415292707,1.1762018940260486,2.4388099471905225,-0.9461956434785765,0.27586377178880905,2.8759094998737824,2.968341733196093,-1.572607344614795,1.0760319174566257,-1.7792118009909101,-2.6049899121171407,0.881762463869407,-4.82775001026351,-1.9587375114373318,1.1585898575597735,-1.0988302151726002,3.917013920783628,-1.3806582600840027,4.049568603193514,-4.564167302610401,-3.7815532476236453,2.2646949127300644,3.5107918972935757,-1.2414178978927644,-4.769636447901647,4.468103113006283,-2.786416930545141,-1.510143639961214,4.33583372512253,4.349114275207345,1.298067990482723,-1.2053799480406968,-3.8034804018881347,-1.809398503329231,2.7362630354944564,-3.8923784740171388
-1.5681843424611817,-3.4471140724571603,0.9756982933982865,2.389172289345427,3.2805524765602545,-0.8935481049602316,2.578155003244577,0.6081655485762667,-1.386901466617008,0.38971421296741493,3.955133305501981,-0.34471385905406393,3.548239909368471,1.5132115659179401,4.807372290431102,1.7304093951428676,4.569507798199053,-0.42208643351990993,-4.997048272631774,4.765416534869098,1.3039939307546975,2.3169203617030423,1.8368889018539125,-4.379404567369283,-2.0816043057974145,4.165544161013841,-1.6541282126222665,3.4473368123847656,-3.2661079224571736,-4.252729236465589,0.8435429023949892,3.953177674556599,3.1546640952717304,-0.05008008919629692,-0.06309707627677774,2.635039326483664,-2.6950604894717713,1.9375681669593163,-2.819096895223294,-4.284972751304004
-3.604966738573232,1.8572291683904938,3.4254129330459637,4.563989199536987,-0.8310505305202849,-4.872534279451716,-3.3355380285934277,-0.01302842667447468,4.680641420539823,4.757888101135951,-4.915584964727123,3.624884016408526,0.7454595157286814,1.306984572844354,-1.0774691829982763,4.026064440633615,4.008916615320244,-1.6260063830085585,3.480934122834224,0.22933998765339858,1.6387482505950315,1.4224509738161526,-2.228130604739542,-0.20905566363111383,-0.45082108531443854,3.9955229391038785,1.0423409649575808,2.1557700990010984,3.1935668961956303,-3.0349406384697253,4.273175915466613,-1.3937891306522623,0.36972945676105784,2.907078312850299,-2.3092986667088726,-2.3918017857484863,0.3001225192204533,-4.324631217094741,4.727789554887881,1.9611907734171874
1.7896711620371057,-1.9802515786838786,-4.594586719588844,3.552748706069302,-3.8754638505419603,0.7115265518337601,3.965879599566245,1.314403125828707,0.03206446619878012,3.6908085114676066,-1.0398169818026397,-4.305471076597703,-3.5669934565937833,2.481748646152674,-0.5701103005918231,0.3396150631575665,-3.8691573387069425,-0.8072709606953001,1.183726027569378,-3.338609824627019,0.5234026291964948,0.6507199601821938,-3.4502980764356987,-0.1354283530209326,0.6144615473610848,4.030908150383173,4.9134735798368006,-1.3062405885618809,-4.416543625919703,-0.8254634772414962,1.4931462023954207,4.126991241784916,-4.311744030280862,2.6702782100405233,-2.260333821754762,-4.533253788419132,2.7462042603899697,3.8799330115734936,1.50341370041036,4.873131918816343
-0.8633384717876806,-0.5196780635275413,0.18636527540134562,-3.269739877623546,-4.523545669591748,3.030767520285412,-4.870060007128047,0.8189216918678444,-2.3499199173418988,3.047134586386189,3.519128003101578,4.586215345180083,0.6121988571854109,-4.9321619498841756,-4.245674281682289,1.0978696279810123,3.960859399428262,-4.823175677251688,2.671200679827983,-1.158441658759985,-3.349333203177668,0.5690976826975529,-4.941360988420824,-2.406690479628029,1.9114992615479558,-1.0482690769885776,-0.5011537584825749,2.9314665402169124,-1.4978163767488386,-2.6813454861137602,2.435249095757129,0.24675180904711436,-3.0379634458234523,-3.824242762642361,2.0344955144466903,-1.0965347350126144,-0.3638802015895237,-3.441143937450338,4.535646147907439,1.7003447064208688
3.4998457485746552,2.779677102607061,1.523260389531229,-4.552673249818069,0.570525775080247,-2.7032661170328875,3.3691579534350318,3.182083281811167,1.8130794345573626,1.4713880880818353,3.6354724893568697,-3.6523176950666287,4.86826165974594,1.038527328866305,-2.3124800490301753,-4.145518543689439,2.4100706338030005,3.072148287892327,-2.3561121532925093,-2.269151088187837,-2.95024897181768,1.8453181040226685,3.233566752675239,-1.423121184035241,1.1281286969442519,0.020694513611164922,-3.507513759295362,-1.0116629133586215,-0.8274108649405676,-2.6160051077636988,0.6013993374373481,-3.2188397413217893,-3.2679608994633176,-4.612008289413278,3.2330931901873043,1.8131699265227752,-3.5385419826102424,0.4180520836912489,3.3320988803493012,1.685453881886465
1.8260368018841033,-1.3344999686073837,-1.6065401907160712,3.1674906567807817,-0.6624072422318372,2.889674599934655,-1.4364336905895358,-3.9538717508842063,4.782547953860037,3.9562557079527796,-2.7060798499067715,3.9266766303287266,1.7726512844523823,4.15243573326333,4.61506960664914,2.439330523869776,-2.8081397075588437,0.8974763215372858,-3.0513353860375085,4.725483191854828,-4.253739723604117,-4.783610617131023,-1.9426140609006866,-1.2136262154519564,-0.8178101683014987,0.8641052192800593,-1.186874303148337,2.6904723981121776,0.1262930855245683,-4.144555213266591,3.669230420575163,-3.047357528576905,0.3165719394969111,-4.513930338062633,-0.2894320330650606,-1.289510123349833,3.760556839868384,-0.39234120937053163,0.8847279688693579,-2.5616710622928958
1.4483650506089782,-1.020546182739508,-4.31424822116056,4.8193795678309215,-0.0016610398094858425,-2.556584632133048,0.005644435659623248,4.263971356581777,4.031831583177455,-4.672604598830292,2.545347038633846,-0.5576436032112531,-1.287158357193558,2.4479141477111765,-0.0882050444125193,4.602861570405208,-1.704304434595909,1.4215247551764767,-0.6743165429329805,-1.5074509971013383,2.55414164872679,2.7000690662706903,-2.649764751032481,-2.4745664904320073,4.770105926997797,4.283137714669273,-1.4320622343062417,-4.1211926258178115,-0.4412806092487269,1.8275406469687994,1.0179198021353137,3.690396824734483,3.2579756956926786,-4.687502165053278,-4.54273162426302,2.763784034466471,2.111728431253951,2.0039971343981113,1.8344178877663868,-3.328514847555848
-0.005176794348765057,0.7333118459625325,0.0554231487163559,-0.2848432405831538,-0.211362433424223,-4.081003585669388,-4.0500192941615465,-0.2402260437247712,-3.8385964611844408,-1.5570011780653887,3.015083582805742,-1.01217514495724,-2.544238638083521,3.333749091767192,1.4563860170396081,-1.2578245791285751,-3.845861836451106,1.4750759989726747,4.700874423489086,-0.29550944201854357,-0.584899906346994,4.41635479761201,4.6390087601814205,-1.9532234268726985,2.793096810185264,-1.8291401064205983,4.970797266883974,-3.7783334588374977,-0.7036700569935492,-3.9494348634792606,-4.133525756740605,3.074392350085679,-2.987108153139019,3.8059595644853026,4.177864212854681,4.800181397924533,-4.938192058852417,0.3594597133589561,-3.033411363480311,2.1763613269510307
0.561439873027072,-2.2971706987451146,-1.642207610378092,4.854894542210875,2.1141542812317766,1.5924614487704005,-1.4863245782132992,3.827616309683494,-3.1161048323534897,-3.7727209312606567,-1.2763355221996013,-1.0776190903029819,-3.3377118773657117,0.379000831218792,3.345140579924479,1.429104358602328,2.528392986317246,-4.629771810157774,0.9222656367357267,-4.466078049882758,4.935102645072595,2.3879724142316405,-1.5757859106185386,-1.386971308468985,-1.803062001686376,-3.4067249931497274,-3.6436260722616414,-3.909187668219464,1.882830219249577,2.7721956113073043,-0.7958081851130805,3.6033225033490375,0.14269656244158924,-3.067434856938786,-3.4116653982032252,4.115149726482748,-2.3662137588566914,-4.63389567067422,-0.7152425824379733,-0.058025704565441316
1.7414406359598935,-0.5827477417932698,-0.4892288794601187,2.632938125596115,3.5382356622217017,4.252276173438785,4.957541699459881,3.275144136324176,-3.5403099437589476,0.634249427382346,3.1450278775796257,-1.8205479520401333,2.3838238287019706,0.6769455021596515,-1.2904233867872983,2.016071758614099,4.330620206791313,1.731953938090034,1.6539773372320044,0.6448874782159075,0.8562415528957024,0.006051179470051515,4.387459501598672,2.2822874173612213,3.1571058045934173,-0.2689320399829498,-1.5596368701626422,3.130421377678477,-4.809088226805647,3.5897405346176274,3.720309749917641,-2.562162855446139,-0.31417087452360626,-2.346906534402268,-4.209576233626716,3.7916583416054355,-3.292373021174246,-4.0052016465579525,-1.0362760352690064,4.053347583040205
1.9401618108475107,-4.264964112371905,2.2285672250146016,-3.677324193659727,1.2428060138607222,2.599973317812215,-4.876057814464887,2.4983303107271215,3.879309949445048,-2.076961475870083,-0.1484672129657234,2.9569181032819625,1.8561711803412253,-1.7221885994863335,-1.3455142311833241,4.447095637031399,3.820388873620516,0.4845921331794889,3.3200527699348275,-2.937514834380159,2.8925631056371603,-4.007474073082749,-0.8932410299345408,3.8523985215545338,4.907418236219769,-1.2022473469223662,1.5663315628614791,-4.4598907974401545,0.7283041210906882,4.7073800634278875,-0.7632226275797489,1.5001114775600053,0.26765739642298314,-0.27222202072081014,-1.099244294979957,1.5369485240558012,-0.6182917327279993,4.589181127337753,-2.5886969887912086,4.735715689284788
-3.128967487444708,-3.594832027808753,-2.1499030713825205,2.067194974109637,-4.170023773346994,-4.031402081814596,-2.051167896508044,4.14635647237178,-1.7660689204542206,1.3681677222978328,-1.773173801425859,-0.10115068579730391,0.023442072817171145,3.6997798888713813,-4.151834051493743,1.565584435100095,-2.9455714086212517,0.855565596760858,0.5353808408191538,1.702011738880854,3.927413703631421,3.961596622916643,-0.3776220473527916,-3.33182616580972,0.6683306272115441,-0.29723085656204074,2.351913539263113,-3.327893992654375,-3.474703449458559,-3.40143337188399,-4.567087641268499,-4.872250616038815,-3.971372646454641,2.7452072406811165,-3.727445800150139,1.4997996149386683,-1.0233296390015316,-4.114561185945738,-0.3834564720414253,-2.8133864269887114
1.9552627858040026,-0.16680261226444326,-2.9240777755753404,-4.260207472801837,4.4596227477571695,0.7724103594366083,4.596902651022511,1.8087184450696832,-1.1399742888314996,4.122380987822737,4.669099429515413,-0.0563174024837263,-2.241145619188551,-3.3296822446780885,2.8197406827059277,-3.572495466059843,0.35848850839433233,2.433006975278974,4.5037449590596506,1.256697243193507,-4.740447257759127,4.127031922287539,-0.7830574072068686,4.078726722923317,-0.6484923332270398,1.0776024423669428,4.6768149386227265,-0.8456561937230287,1.5157463261955613,-0.1691339631827411,-3.5386003938713704,-4.299200766949565,2.530301795733455,-1.5347002952982827,-0.250876098684393,-3.952718182189258,-3.7428769025526423,-3.658549242896188,2.4827507345128517,0.8348882527816812
1.8958677645016886,-2.503106177014805,2.545640353817639,2.3000925111227986,-3.56079572499901,0.3680648893328877,3.6413486486738904,-3.144444787398095,3.924445506314573,-3.031697224990072,0.9868872736293799,0.028175888590208586,-4.0988546565348,-2.8781088585852697,1.7392417233680124,1.8156497527029858,2.739212796464682,-2.359220264290675,-3.107399756304803,-4.896816822416639,-2.0879593607124223,-4.8671832031682145,-4.678934452158121,-2.9168261104539677,0.5809681194710334,2.3659512990565084,3.8416800900578973,0.03546552613268528,1.3567986522038922,-3.117279624730374,3.2265914927921653,-1.439571672666831,0.7148586742129259,0.40483384757032326,-2.913228262378112,2.385414593293227,-4.876175508568128,1.4302946093316402,1.7439005733187116,-1.9536380503399369
-4.471800193133525,3.3581183911495955,0.2700650134989493,0.6649642138706398,2.8881333117002326,4.417199289915306,-3.9799000121888026,0.13544687441203518,-0.48664482933097375,-4.140824992981239,0.920683616575352,-4.161080911429471,-3.893236271047151,-4.368538177210928,2.777547574824151,-4.732591422819189,0.17885138988768468,1.57135520137785,-1.929165935644836,-1.3675393316942759,4.27738909971348,-3.139897612638891,0.44672531174762753,-2.99696249305265,2.43779707275539,-1.9959460424620827,0.9329800877185956,4.622887353669077,-2.4184576468386654,3.52032034792391,-3.7695681745556957,2.4005275320077146,2.6208035991089815,-2.66267058166532,2.358703057466789,0.0004793577392696591,-1.719117087820583,-1.2711218163725118,0.14259693733503465,4.890037596493544
1.3749460414167132,2.8063759243424933,0.04894747635425656,2.8645925235454905,0.2688075698343635,-4.620608875067,-0.8450226173922744,-1.0497760947667194,-0.5295825973935235,4.282465056628418,4.069431291181164,-2.4537649321281236,-2.5511120882640155,1.1374448000896376,-2.56927310830178,-4.178615001287831,0.9861940121371475,4.187540487559943,2.4603282004537066,-1.3283711700673964,-2.7679404927484277,-3.0739851839675536,-0.9757974213776617,2.8697747620131455,-4.842410200410543,-1.225801134191888,3.7752771628875905,-2.1564020259338506,-4.924270711936856,-2.2150989693370016,-3.0016016088616446,-4.983628283915607,2.495833506562489,-1.393522316489257,2.0080789924863556,0.30854037763045383,-0.8154460229545668,2.3473074706316357,-4.265092812970056,4.427189840479691
-4.984158277751292,-1.5612643262566555,-2.798445424445149,-1.0096633297941455,0.8211099681066152,0.34376462640607386,-2.7774072865530806,-0.484138249157116,4.6484269755146315,-1.8111664747091205,2.8533290236382864,-1.9232631950565966,-2.6929764130348017,-1.2342623384247657,4.888130320745137,-4.244379442200738,-1.1571956806087256,3.4511699053537725,4.23483647590178,1.2968108271504155,-3.2282059408601236,0.9082005251739673,3.704338258507441,0.7186361468230205,-2.2480790141990585,2.908898778126888,-3.1410886672812985,1.3324664874833942,-3.7822666100159736,-0.18660109810492997,-2.819955048611234,1.5665985146202992,3.857173078485342,-3.8779120816493657,-0.20696056381822903,-4.232963044414106,1.9500200895973947,-2.1733686554939324,-3.9682484429144242,-2.4398259961765967
-1.2193884423335613,-2.0409928874777554,1.5727004327256777,3.728631326147232,0.7699295623872073,4.330058569655774,-0.9205166515614751,-2.7128115384900493,-0.6596240442081145,4.855207773270823,-2.7374260617591597,1.4988230634784516,-0.6693133060787604,-0.1371308801584874,3.5721756501297772,3.5669363220817214,-3.6232246080212773,0.4481475771508805,0.03276174833884049,-0.21454577127942986,-4.672087311635145,1.5507063889753878,-4.249849027435331,3.737446190148427,-2.64397776270568,-3.6267959874037325,-3.2770996525893343,-2.554580063850103,4.645520595044722,4.800526325011544,2.8243159032909757,4.301997018228832,2.765002029482951,-0.37581960880975274,1.998742599871564,-2.2041762761074786,0.27063870243431065,-4.702574893151445,4.324360915876433,-2.1111452168545886
3.7282605070205417,-4.509058357781825,3.265471841523862,-3.4052741599707494,0.36309378489889266,-3.509030494172979,3.0790323420556156,-4.684420883634651,-1.6443364530193638,0.686902410420184,-4.521308093371352,-1.3785907763195322,0.029896939522142674,2.383977090355084,4.858709007950804,-4.412090616542022,-0.03824483071314777,2.2699082774860155,4.368909611345494,-3.0787126484451544,1.55576106608628,0.7476815124893443,-2.0484632532151266,3.1108782226798635,0.730771663875796,-2.797883274179135,-1.8460072016773,3.7822911461203397,-3.5317779566102336,2.56199828610828,-0.2742673236314772,-2.9526398580644835,-2.9608541534666806,4.9258839219714385,1.1610496927272536,-3.276085452297919,2.402531212724673,-1.042810834877752,1.2306109724368053,-1.2734061174596145
-2.323263034422119,-0.7225438632119543,2.251962063971874,4.068921161921427,1.0154054733248588,-4.688798916176998,2.944299441401893,-4.293908386224322,1.675851870788481,0.8684440284993924,-1.9371387756113858,-1.2430581919269734,1.4759473218803452,-0.7187064451928569,-4.071976107041623,-3.263301575971764,3.766887928121964,2.9627640582129287,-3.977870988308156,4.316116138900197,3.583387703525009,0.2134868755146604,2.305872774074057,-2.670913393574022,-4.656676718874261,0.6550845085189501,0.479012186197715,-3.764538871018437,0.514941139415539,0.06369612670936053,-3.0650292967392785,-3.345856118400752,3.3342836332931203,-2.5173244741801994,3.709832145168587,4.580688541196377,-2.0620516803849376,0.753762734903777,-1.4646365372907848,-4.438107463244225
2.4417671368094362,-4.034277503428777,-2.6599757114822227,0.8599821775988996,-4.525813853199974,-0.34068564726783457,-4.523392394903216,-3.259006024789819,-0.36345449753120285,-0.9122850204919128,-1.431186733099639,3.868960194502799,-2.0582211861284017,-3.063914651166783,4.6274259604354935,-1.1941808627221793,-4.194496984738094,1.2628678169123564,-2.8788596107993,3.258669068335603,-1.0227829742500512,-4.168581832903858,0.6333659461586851,1.0729097069459206,1.373991743757407,-3.1654835319858536,1.7713468602440123,-4.414268313016356,-4.928261887440016,-4.066646767626551,2.620130264668685,-0.09852911063285674,2.3530004787054173,0.08807669088151027,-0.15265900953786637,0.9605215430523648,3.28043567339307,4.8444492406819215,-3.374757253720559,3.6517693920916514
-2.2737022717748485,-2.1433939130550295,4.267465629192232,2.213199906444175,-0.3206579425261582,3.381831315725755,-3.227425571971465,-1.432416580435734,-2.2719725449347052,-4.324030368586357,-1.6216825635384122,-4.746118819400905,3.4494402323624023,-1.4866956140945247,-4.688745238759286,-4.792532232671549,-0.4899877129393939,0.561359809373009,-0.7660936302415404,2.924327098850984,-0.6867656407845271,-3.683350248781199,-1.976850401245438,-2.6282618803963977,0.49952291589606457,2.1798723381021192,-1.8979779164579842,-3.4976945852947754,-4.352176805639036,-2.910806737628961,-4.744707583851229,-0.7352026304077084,-0.7592000915944999,-3.1309227578992536,2.3861373018773016,-1.4514082242604935,3.944587647326948,-3.976482618978661,-2.4881732423278247,1.1591993986960816
-2.5595580573511487,0.6009945170743425,2.313787280772872,-4.920275529670144,0.006427474736278249,4.30227457978568,2.6882948950722465,-3.3721044837264804,-2.795499704433258,1.3382456518675863,0.42347494810352515,1.8955943253700758,-0.8993667287303957,-3.895226147334766,-3.1864780758468974,4.308685198252517,-3.5931333691475498,1.5313436458682395,-1.9830341074627054,2.1511785764278653,1.6566639059220778,-4.2795280142235175,-0.8335057121943592,4.353027275332725,1.435791889564392,-3.285502868971373,-2.6121293078423427,-4.18010817214548,-4.63678487028619,-3.723064537207963,2.5611053992710353,2.589556391536587,3.1753477066047893,-4.3396745044724145,-1.1439179218726285,-1.7188506057694801,1.3307662345209152,-0.5500282673537011,1.782559579998746,-1.427454588108485
3.384757010653603,1.1794147847869487,1.4185249969443534,1.439926919664937,-1.2921349404410494,4.566074230757874,1.1207248248051194,0.7244511694419318,-4.4903233478377915,0.87890841116812,2.1697989742124992,-0.2377802334562915,-3.671083091827725,-1.0894006197753296,-3.5717385585705745,-1.2866321721349072,-4.113036179553339,1.6711274543708008,-2.5899844295320045,-4.203196939992273,-3.0354017449185484,-1.9058577457380244,1.9216564335386819,3.97555600647863,-0.3070509879196406,-4.920180398986286,-3.192915499599458,4.949113381310523,-1.6692538395381442,4.124880087376631,-0.7016223289992798,-3.4070144677194456,3.6008962591547427,0.5322494652232983,-2.9409637443460306,4.874022578126995,1.4509980691998425,-2.8107222744507747,-0.0015978200626705075,-3.858506193319942
-4.746966170816403,2.1644971146120646,4.548528087303561,1.2188415489806905,-4.0674385303642016,-2.016706019532968,0.35540097296286355,-4.201242628785494,2.1344926520763083,-0.6874362018089437,-1.2233299312838213,0.9642854171962112,-2.73656047039528,1.4404526764101284,-1.227199206039578,0.7820452858170697,1.078899666319943,3.5557988232509903,-1.846821338342699,-4.0916247548534335,-1.5087194239201684,0.35720594899616653,-4.002325816244153,-3.060593060033666,-1.7264894924482976,-4.7315181555128545,1.8916057476199013,3.634868645627419,-4.3139174770583955,4.14655490173897,0.593153455988431,2.4835826721333234,3.367849887439057,-0.7990322843595994,3.092531489791007,-3.2558388443157913,-1.470851085357686,-2.118852456883693,-4.434851269457411,3.678331305445317
-0.7349343878262493,3.0112107622638256,0.07517767446410506,-2.1719185922848334,-2.157364460607696,0.2770355895367924,2.198749284845772,4.974129641763117,-3.36479905413156,2.6478836670027412,0.6028404872426911,-4.441424282114553,1.6251398110085375,-0.007373246998114702,-4.644466436088096,-0.8669979072492238,-4.525949462583432,-1.7765386806046273,1.3095008853494718,-3.304456993720985,-4.612662854647818,-0.41575950988633714,-2.1776708482466534,2.5082551079237003,-2.454583018059834,-3.440065595639762,2.4197583869874117,4.658305197262816,3.637686362065047,-2.967903900588571,0.9500838029030678,-3.83613171449007,-3.4783852724483104,-0.04452475835074665,4.777514707315611,3.9204916017520777,2.3707611413346257,-4.287622958314433,-4.637207388433539,-0.48651393517156993
-4.057011022120344,3.286177929839633,1.4981731791689068,-1.9137723743558355,0.027631800652699212,-2.069145677787352,4.487812561803036,-4.628363974800148,-1.0861183739217637,4.688428686507292,0.2261536080164479,3.489232430694866,-0.593186036106883,2.2205311703574786,1.5427280413248345,-1.1462916700350334,-3.1996424862759723,-2.759053206420163,-0.2347000020357095,-4.820398614425673,3.3160587009516753,-3.030649353610427,1.301055193394788,0.2731762896237111,-4.713228347282282,-2.8304782758715525,-0.7753820786409396,2.7643848180453183,-1.9560340130689715,-4.5636097909315705,-2.3095992862984502,-4.1870519449270684,-1.1731064641678475,3.7759574220161056,3.759742114049196,1.5706730086826433,-4.202671063174824,-1.3567771547069816,-3.409861850665674,-1.030997380807955
-2.2341435776633913,-4.8133677237068495,-0.7323478103508183,-4.30865338111287,-3.212871066470786,1.4750419633224832,-3.352726401578151,-3.1832438944659938,-2.4843762956415754,-1.9962996859557576,3.3844398053342513,-1.4785162180334632,4.47033245643382,-1.851072623118975,2.3956817784415927,3.208056314241519,-1.4358532634715337,-3.6338763207335347,1.7969668396656333,3.2208005746429045,-4.108719333209486,2.1257308139740347,-0.774628819673751,0.5815324877445702,-3.0458311203383954,-4.086200047916905,3.2804263914299554,3.2621496219122594,-0.733407862764917,-1.1407849619816366,-1.2267595857031495,1.8294989212962633,-2.3101063143309144,2.2229780614047625,0.5702876892127895,3.6906024157046957,2.391710628078526,2.97945562382346,-2.894529397294508,-2.1798963701379592
0.2528429305450288,2.88201622227914,-2.7150239524421034,-3.733529098559475,-2.682436969282429,3.623975894799587,2.634538972200824,-0.7559343453097025,-3.3928154884042705,0.10885397480243952,-3.988782638940785,-1.2006293508554657,-4.6420379281772215,2.3324247800376963,3.1081938087814454,3.255920543033877,2.0267224970604687,-3.131659963589709,-1.9132403907160898,-3.5492745688258553,-4.343557317536933,0.7661341828656321,4.3401059400695665,0.22656808151863217,-2.660429617130407,0.1503858279681678,2.8167333139006754,-4.934447474820606,1.8683182834938403,4.652648307293365,1.896049471353476,0.8066064866918374,3.6429739312826452,3.3578439114264054,2.303796097281431,0.5313679635170123,1.3707514551330071,3.659779656797097,-0.4920892303511417,3.456618301630801
3.5751779973282787,3.7878229540670105,4.770894888858496,-4.859291832539991,3.094420403357791,0.5748586352436948,0.8570962718992083,-0.18684514782090567,-0.20921987989814728,-2.8176570926675106,-2.8347557726580344,1.6289809677358802,2.5671939742689602,0.550478096582335,-0.3090579866635652,-3.597201477188263,1.1997646098806172,4.400002428345196,-2.7623820261683187,-3.199922126831127,-1.219800652424754,-1.2153033327639093,-1.2199816853334933,3.2457363366570853,2.909693310701048,4.9082564063093965,4.169993811347219,-2.1051476196670733,-4.580895714942907,1.8121146511544204,1.7255291703567295,4.492245526432097,-0.08217921458729194,3.945477583948536,-3.5229693890291927,0.16344946132385196,-4.5099546316966626,-4.209731422194066,1.177506011742513,-1.1939644923732349
0.6450485720478873,-2.4218636132837568,-1.258154905048908,-4.246694843265917,2.4520544763931227,1.4297535694353343,-1.6281321072046824,-2.9798473122833586,0.8415102129119596,4.037047732647945,2.5732376240829824,4.250531935050164,-0.23692109838844289,4.031301647475901,-0.36516300612583397,-2.5272523606304405,-1.6965823103248723,-1.1259854550874824,4.586846922471665,-0.04516804658457563,-3.5859525952103573,0.14511309916108406,3.4749068278879243,-0.7965102996809819,4.594192216609784,2.012333556790715,1.05556635601594,-0.6859003114456623,-4.346967320755787,4.280219136688849,-2.195935658674075,-1.932298041029993,-4.0838917922583065,-3.0340907240454422,-2.50184887527514,-4.36317339464694,3.5426870655328155,-3.125894161480578,-2.692247297247323,-2.3542906716426644
1.488991876749072,-1.0823810236077143,4.357919299076023,-3.2963001992014473,-0.5608205678657177,-1.4079848206015155,-3.875987251601396,-1.9511788916421628,3.8550174658174505,1.2996233633711611,-3.628540568817391,4.175309737320148,-2.3473888324362013,1.4886801419480866,1.5660553330017324,4.26013197362137,3.1718416362473043,3.613368284169626,-0.46436582165135043,4.881206843908664,-2.6532350674299234,2.908031760982732,-3.9285263487609736,1.140958426298618,4.6626041229285775,1.9580187101908457,-1.2688787129626533,1.6663239461093449,0.41858079654363944,1.9965032039174204,2.5297321223913984,0.9018678035610206,0.7852785538097864,-4.7085496616363525,-3.0608034635837154,-4.409032524878648,-3.256381057047748,2.2586996815447025,0.6048976345216328,-2.3343246946595633
-0.8055959460113646,-1.2540535773027632,1.3092235956529317,-3.8321468041129534,0.5011049611372842,2.8164648673863617,3.157053264082311,-1.8514803418514787,0.5445011514794098,-1.5948932332292398,4.616395161184284,4.986088895600481,-1.6894639259466344,1.3264664373805282,0.9494170854719961,-3.7537522002197257,0.46037503238711786,-4.074927959246399,3.3340551323114305,-0.09301809955604767,-4.237261828396994,-3.8693737829875854,-2.3477563656365437,2.9818043302131656,-4.540922675742798,-2.5812522601716688,-3.6606076963639067,3.955209096304026,2.0868397585489094,-0.7990738489151994,0.5173402150752029,-3.6502255730895348,-2.2559302727773067,-2.152966224518626,-1.180986037714197,-2.964735098601853,-2.4619762224748927,4.413016252733353,4.918951511478721,-0.735447899410957
-4.66204137847869,-0.39682928265512807,-0.3875605208797639,3.3907067850036086,1.4811415780862234,3.841565649565254,-2.9799611410165454,-0.837136979387366,1.8270843386930826,0.7978429947664178,-1.6440214313860824,4.79991016838175,-4.9044520483222165,4.219506918688689,2.910609606189933,1.6069632035407357,2.286821108813431,2.391146973187168,-1.5221369404279357,3.5759718806157785,-4.070773002021679,-3.236626417687293,3.252273971046062,1.8726899006728974,-0.20449794022523893,-2.190791240001824,0.8767924407567502,1.2177720676231125,3.2736347212862746,1.5785705017057081,-1.3411356181063812,3.120758270963968,4.754345877003644,-0.9245546084948897,-2.281950966571829,4.685577111049721,4.917037209640434,1.859746206685264,3.591951351319251,0.13817764920402542
1.2605044992450214,-3.2966908133286195,2.2054260921677447,1.4930372701141383,-2.2863756895354688,-2.2382326402061503,-0.2605554061459543,2.658597165260388,-1.882505529027525,4.308735440652292,-0.2465859282438796,-4.262981594415402,3.256627705745208,-2.968261291255416,4.92000212802097,-4.218314401204252,-0.6317283551217443,4.42836770015807,4.795736058763696,-1.7415508171303369,0.26684078749382945,2.8263082049107124,-4.621427088185424,2.463668981824947,-4.207058568992199,-0.3930208274539382,4.3019341097839785,-3.530776276286029,0.5491498517881777,-0.05901982983227505,0.3091759508054883,-0.9758740555380534,4.2417111023164775,-4.444315496449747,-2.6925020565657003,-3.669092326772124,0.6587516882257036,3.8346839417940224,-1.203193651384455,-2.5399273850622093
3.2500869606440688,3.542559885982051,-1.6991135706357903,4.935610377384572,2.929932410511765,-4.213042480307967,2.452313439646997,-1.059373694231844,-1.257266622963042,-0.28838964534964795,1.2110211493715042,-3.863339678165247,4.3168862241037225,-1.8316695174363695,-1.8237278252414164,-2.409719092500521,2.9463725618171246,-2.77597978817928,1.4008558185705056,2.5727772883916185,1.9691404540609572,-2.485035486564364,-1.2777278468220086,1.1086244862322694,2.3420441448327693,-3.571037861383629,2.7438170300931386,0.16178020323251552,4.840465077997752,3.8471705912533807,1.1578158269455923,-0.6438072075189591,4.390850336026004,2.037681431843411,-1.3263308485973746,-1.6961195893563508,-2.0847644259859117,3.317979604288592,3.2676179817243813,-4.225122651816987
3.094130445916779,-4.109281121670427,3.097080772660414,-1.0357749934757714,-1.3075318141385677,-0.20662535095851808,-4.030795553582479,-3.063577856831036,2.391300182692345,-0.8986972745894581,-3.7079299426281622,2.1709294687992404,-4.797776836520199,-3.4521287842314745,3.5134945604623287,-1.368869071016936,-1.9433775065916112,0.2509621767099768,4.824735668652146,2.6371395443735874,1.022679422661037,-0.6998258203521299,-0.3224911030844737,-4.90392209220429,0.30999034514370294,0.21090654942745335,-3.379077794618778,4.698487733119849,0.9513296244802829,-2.852574523830022,2.505943546871511,-2.3791375565531663,-2.5703405561081882,1.464129940701656,-4.98080173294885,3.808097733530772,-0.9250393359952245,-3.6829028124233245,-4.801790026542859,-1.5554028580434953
-4.543671571085381,-2.333012533976522,2.504925987683033,3.350718402880119,-3.796315695955564,-1.3708061123834576,-2.455578816795938,2.2776072699828234,2.8586570853123234,1.9521925024890407,4.576436317940079,2.118621114540719,1.374015486562162,0.8147890901958421,2.3047843770356415,-2.195820940176272,-4.300274710153452,-4.659689477472221,0.5937725038188111,-3.152035385410801,2.1637178122311864,-0.39721324044003214,1.4306886737583682,-4.686155298325898,0.19685616737360867,0.5022346501217543,-3.6986297791016653,-4.652773266525751,3.1226180298365023,-2.168640549920562,-2.6442013454295568,0.9279067370187324,-1.1031472716606072,0.8716490774717176,0.7676400295637009,-1.6132166925470415,-2.3855057601310774,-4.870893687266481,-2.7356517436464145,3.719495493974099
4.054391505625844,-0.1283997500494385,-0.8136968893682939,0.9879052220190516,0.339829314260351,-3.7141981064965215,3.3052759991478293,-1.5192873551039248,-0.9421315386611635,-2.524885916542217,-0.6546355123240613,1.8594584738482656,3.62662532366193,-1.9756418825944797,-4.752900440749238,2.9888972524008794,-2.185843256342296,-3.3349237459670458,2.3548764392685975,4.493224569403914,3.6563167657086595,4.618107956800042,1.5333496370100974,-1.0981810148795192,-1.9815213964347294,2.4393188611520564,2.281185742226981,3.325500676298324,-3.8933366817268524,-0.7333678103538137,-3.933850735719693,4.1730772106392,1.214352952734603,0.195201390643307,-2.972550222649521,4.6640962312003875,1.111242185428364,4.935782563079439,1.9078265828878935,3.5757167554088287
-2.041406515774705,-2.704721911226457,0.9418701584526135,-0.6205557099624421,0.4610948243933315,-3.7482121157680814,-2.7690272747894973,4.4741989656320165,4.018716726595656,-4.205556272695049,-3.5869847034499607,-4.200264002375469,2.876343998371768,-2.1606859424561815,-0.40564074326337174,-3.3764653932299096,2.7988916463223434,3.9466097387101335,0.21305039762058087,-3.523588919105925,-3.9215054986825946,-2.994311867367728,0.9407636112658944,4.454269912851551,0.6499149650563565,3.55997716871871,1.9468268305120162,-3.8711587666971656,-3.136045870147213,0.9092843066252279,2.365610692196433,-0.5014244076627321,-2.1990006440036742,-3.7387945275901977,-1.6284125726830698,4.396234522272316,-1.0672206623193103,-0.6514687962955694,-1.4032249017872673,-3.0484824039229226
-0.876202002144078,1.609946122107698,-4.529922928497017,2.9187062590532387,-2.3750451856141206,1.1530712633157405,0.20452732699560627,1.6220373833701265,0.06342601555773264,-2.6029272067665623,-2.2859712272048838,3.5618880914347955,4.102815040612768,4.626224139511892,-1.1114047164466214,-0.19320045153168763,0.5607628815143384,2.4082994011779046,-3.0166059425413434,-4.751238364146134,4.136587861702006,-0.04014860504303286,0.6594784880918949,2.8422925659696743,1.5524180708775903,-2.486715584896844,-3.8221350102656806,-0.15653214690499606,-3.509785636247064,0.04673999460260614,2.7373408422571375,-4.081300830899678,-2.707342608700319,3.376358204609369,-4.287028321282784,3.389258856414907,-3.4928820893293175,3.729738479097154,-3.1657398519673308,4.592737037352244
-2.6471835373220935,0.3970622727248809,4.892195110975328,1.5234470400153954,3.3767322249880998,-3.1829459313374615,-3.2661393091015745,-4.452781731466238,-3.780450195250537,1.831647092238466,-1.3481550014574832,2.009476614061917,0.38235824346619296,4.728165830494909,0.6485519368870749,3.638590660222393,1.7240871424723885,1.3819394994688627,-3.432261252714903,-4.163026005541245,-0.5143654526436254,3.676940661560586,0.8777252502199708,0.7502642502518668,0.9672489480393001,2.583239847406956,4.107027546123367,-0.11894820381749405,-4.88128401521369,-1.2410546309138892,-0.8003814532992761,-4.908898057143654,-2.3770158617013273,3.5747796964351295,1.2110673037891129,4.495489676254946,-3.0040761294702762,-3.1757051918228782,1.0535775684283077,1.476718549652288
-3.775484128997311,1.0493698024385782,-0.17337940280941666,-2.949390472901373,-3.2887706017530673,-1.4857142648828416,2.331767326012759,-1.8133593055160024,-2.4605078153903017,0.15516442260432495,4.948649135246308,-0.5034462501366628,-2.290784980672462,0.19803179969206663,1.6704756765229085,2.212369865585881,0.321772800279124,3.696299827486559,2.7967057676868725,-1.019430079965018,-3.871754254202618,-3.5062101702092345,3.8546769226485935,-1.1288584314533416,-3.0125573469875775,-2.2027111208665606,3.221973351739301,1.2250715678443065,2.50591063199317,3.252115901531088,4.917307037750852,1.4855277190214409,0.9180122042400596,2.6045915711479717,-3.9347608485272474,4.9295073698494765,3.0660809365067827,-2.9936969004414253,3.1597338862972375,-4.877059096095711
-3.3090506615299597,-0.09031311064733138,-3.4227930191379494,-1.2927604530104952,4.1255945953722275,0.6418618586439031,4.000897010197926,4.720616011793556,-1.8498056669035279,-2.8751724585092617,1.6215539620703678,-1.95204752954321,4.2603310618111845,0.9174509134767277,-4.144483449314179,0.7564833867444563,3.4002527442652326,2.335575535366214,-1.8564602077160899,0.7190350909745717,3.5725866305102123,4.261106649854549,0.002410911652861003,0.05792629980479358,1.0897995750441227,-0.7410471627184432,-4.1444026444586655,2.0077093113927145,-3.7537092707614597,-4.123567724522455,4.728481799086692,0.10503985448194175,2.594457266072965,3.143763495807173,4.609501163010179,-4.926485210909109,-2.1409512307595,-1.8332149837408225,1.4114206614100002,-3.8407685753630614
1.547875941781939,2.5664073840984,4.726826187253385,4.4850851074898515,0.7012534837235265,0.9380722445747258,3.8931076487874154,3.475601801854859,0.2229926170650831,-0.39601050939364413,1.445579075062545,-4.639774747896796,0.4804670528057855,3.5235875392124267,2.8260439492133935,-4.010937507450857,3.7373856252100524,1.7755864950970732,2.4938750524430873,-3.2797670652220745,2.4825983406796013,0.6858542020459577,4.2734971073207255,-0.29410005094546054,-4.098092401005762,-1.7239446034620594,0.8719645111287164,3.8159586323044437,-2.3250109336897213,0.5994025808579151,-0.3414376606557381,-2.4460926022018246,1.751758418063699,4.225431064900068,2.632758536647785,-1.964952478218681,3.1159819557588886,2.8721463040105446,-3.9777889777542033,4.135399774191637
-1.8463472104309386,-4.129383265500773,-2.427297261363379,-4.28906949366676,2.007574341907846,-0.35805856948447357,0.7208643495096743,-3.9893598639691494,-4.233922119530206,-2.5263509125321755,-4.818111290613766,0.01511119620775414,-0.8611282134627398,4.67967002150383,-0.13984037918306047,-3.687345896606728,-3.683110625040098,0.08412785978929449,-2.561678119681321,1.3500518071980157,-2.412173932276705,2.888365551389205,-4.0325781383088115,4.639998059897355,4.6073328932813435,4.71421531186262,-4.413678182599339,-0.6164064287658766,-0.2012450999951758,3.698242065211806,0.46225532466861363,-3.4929678796029378,-1.654108941973199,0.7824117326702833,2.7351647977015308,3.2105738941111586,1.0147854045761342,2.397418227765616,-0.8532138197545596,-3.925565627348459
-0.7615590893413815,3.0292122687897667,-2.2271910832623147,4.254205328192494,0.4935346374829672,0.12027017151355324,2.950091708618194,3.784111789340951,2.566559144422098,2.2634513511037015,-2.533175178513534,1.7953998230757158,-0.02533677719478522,2.0388586415524825,0.1709123185945245,-0.3770537450952274,3.310326984002547,-4.108254193161795,3.71380165780959,4.5256147005748915,2.679895038236225,-4.097429498887485,-4.351909569836187,1.3773405339419131,-3.66459608316281,-2.7215396798727856,-3.474402628800206,1.8253681391298793,2.073773479539682,-4.76234636661148,3.9003688529614173,-0.10289615102541294,-4.645999448326135,0.11437346666249226,-4.744375971508134,-2.4956080514264745,2.1461013852533393,2.0469778376176286,-1.2534668728679579,-2.4631542825326957
-3.21801618170693,0.508340584734384,-4.966102407181721,-1.7609120961970381,-4.3504659823736915,-3.0619445739347944,0.13379908701193433,0.07495569927690227,-4.688882658447364,1.7997144019970897,3.463514799758121,-4.525222231186153,2.0629454644367975,-2.7185402256354734,-2.0598906012811447,0.0815205639554879,2.1539852789606284,2.1643455162723155,-3.7117893544628364,-1.6869716882949142,3.1788559178882423,-0.22206893777611114,4.960800683538958,4.98518653274237,-1.6864171913664738,-1.1459140222153108,-0.2221127414727917,-4.846107713716217,0.9042901105141095,-4.413608308381426,2.3068234380080446,0.6357530478613498,3.7089931883954357,-0.600555530706341,4.550376739834391,1.6405773805002113,-2.5772445688983376,-4.7663343897553245,2.715078587084495,-1.3082056252822278
2.520500021298341,-4.089083509910216,-1.5966125572411545,4.472745554609567,-2.405222171267869,-2.9478856257215833,-1.9288786817983734,3.1527192442102407,0.40847027622593846,-0.9305817100891387,-4.170659504461461,-2.1424478569526038,-4.998191920501433,0.12243103601965455,-0.6102099158447434,2.5858458755695723,-0.9755381250738431,-0.7223455724772467,0.06726259589928318,1.9133961266300537,-0.16014466168977926,-2.260715383217902,-3.167989471840733,-4.092400623662262,-4.698507683070983,1.9074735179827993,3.0840462676330063,0.6022752255904056,-2.9832656574820806,0.30313280451360836,3.6971753634407527,2.3509572339362155,-4.575796867476405,-4.2714085844407625,3.309445332924268,4.908501171541683,-4.785547928182239,0.4520533783641598,-2.1761457936539212,-3.7921856585351748
4.50203583175945,-4.279043888083548,-1.4354931998182305,-3.216604965521343,-4.979001527722015,0.619266452469577,3.9332682590819736,1.583609063623702,-4.365456172425949,2.466691160838205,-2.660378756811777,-0.16105751155538606,-3.495491190011888,-3.0758134285837073,-2.456433576742227,4.64018484309392,-4.984099397106538,-2.8603177891728353,-2.3430790849097316,-0.8035360065146877,3.4499344441790143,4.2923092676662975,1.6029587607428644,2.418577073138369,2.1545259621900463,-1.3120036680399045,-4.366202520351514,0.769864059585692,0.6485618788574765,2.5348466899378286,-2.9613567094195026,0.0337918232259371,1.913372495168697,2.395908556289303,2.1010377061716774,0.4597487526326294,-2.2022006122401176,-3.0448666903156507,-1.235279089011116,-0.46320743386790486
-1.2767836784650672,2.5026932534078883,-3.2464690896435613,0.9311701644506298,2.8035877195481396,-4.259132882499442,3.774883597726223,-0.45629040571623225,1.6055448847873741,4.206016229214168,-2.30078262421325,-0.6204373451351106,3.3706710791979226,3.5897242610969062,1.8174697273592528,-1.3297889133433656,-1.5767192922118847,1.3165298835489878,-3.2418847648513234,0.019336422468834158,1.6043554620181375,1.822382695637696,4.929186545957782,-3.8719442835252442,3.769277324097267,-4.708984198148951,4.532298961656602,2.0375930204321264,-0.4550706443635484,2.046887942053627,3.7654979494646064,3.8144104393250604,-4.766452398933597,-1.5992911880313727,-1.5052885985234612,0.6287716114002855,2.0750041691225984,0.6479491733053191,-3.704964360378244,-4.020403461879373
0.4638562475225143,-3.741349783107733,-0.36081741691215896,-4.533946650730984,-3.8530923594989783,-1.6116485688483624,2.800304808306201,-0.16505004185704664,-4.799479208713515,4.160833560625981,-4.997627141319843,4.76786924721932,-2.473182085531061,-0.9911691837993706,-1.1475370199306618,-0.5111489809874641,1.203032980624915,-3.0612394012887623,-1.707527034812732,-4.04471278686803,-2.0217677585470306,-1.603521458189375,2.1458154271735355,3.6609708846114266,1.5073394468190209,0.1441692101337857,1.5292733220729904,-2.1425654318842553,-1.0942015967347762,-2.7963519903373477,-2.711570641134687,-1.899681979344387,4.1204762436374445,4.258337678444494,-2.8458604866606123,3.1743453099455934,2.0056324875534006,0.005030356482108367,-4.944734591879349,2.8481597914624404
4.584057749779886,3.570396157925753,-0.4537614692774481,2.3471642731125826,2.383305900102645,-3.832582076688072,4.80917233260508,-0.6771916680000425,2.4394026250872205,-0.42807933110849383,-3.0946805412950518,3.993969068814396,2.6894600491091714,-2.1098027830518973,3.489420711067634,4.20090548519639,-4.137807125230705,1.8717384122983596,3.2050778199839485,-0.9801986134860083,-3.828403144760898,2.5465432361257454,0.7536102357642429,-0.10009444098025799,4.056411600663706,1.6216444748557066,1.7137040621103106,1.0907021919397764,-2.551021937831389,-3.1654103840281547,-1.595639227253825,-3.2991280656798594,3.6990255772538116,-4.471270270569239,4.9631508739617445,0.20610704758533593,-1.258623262299443,-1.5933887279352965,-3.3805456002911773,-0.10375220697931109
-1.4456830955226612,3.9642515163916734,2.3471390283025615,3.859726313198376,3.646367468915308,1.067620188727294,-3.3821524870040003,1.674423127683177,-1.3734530816661645,-4.756812952648303,4.433616972722108,-1.2731065886995245,-2.0257391620192076,3.880724146081393,2.060405736835592,4.528433421785142,-2.5965964828614596,0.3021417471878536,-3.7992572590161346,-0.7569007369960197,-3.5014564400256076,1.9836263844069446,-1.2661259537580967,-0.07991169320158953,1.7808039126178299,0.6113487736291354,3.589525852676733,3.0477601853356813,2.3006032321798315,2.5100738613051874,-4.85251781984937,-0.3899125629738691,-3.3916913947725558,-2.391268922973829,4.839546088523479,-0.8493873720096525,0.023059453718832224,-1.474940438010023,4.424145240038506,3.1151804785772477
-0.43873342028367635,-3.0824396672352092,1.7688626992258873,-4.475954819677633,-0.9906063153283737,-3.2676625378186435,3.909313952337971,3.964200880531587,0.9338571764403403,1.4388646440927602,0.11740041568478965,4.434168722598578,1.5305996132581896,4.019520760370316,3.9518015566354645,-0.894657452603421,4.435873943435475,-1.0282489698926933,-3.7563016672597556,-1.7597752342311734,3.5099354684252813,-0.007139157289157261,-0.730259147621199,-3.9984121097751233,0.7830012834023776,1.2048370839391618,2.8755063332959523,0.8275075776727583,0.11843173806379248,-4.501077169619384,2.0341835431163835,-2.7402643229760697,-0.9205959234897731,3.90903337380489,-2.1465184480393407,-4.837981635909083,3.493554554942918,-4.1693933901678815,-3.8938590562128423,4.335747752726341
-0.6658291282226996,1.2869247324522686,-2.1958320096027384,0.4732246833883913,-3.2552046301472606,4.2913485849595485,-3.5412751710553634,4.871248485932105,3.0039124733412272,1.5244440212596686,-3.5223304027214573,2.606003024286789,-1.7309872575650278,-0.6810632133496162,0.997926515163031,3.974961916641682,2.7623783031118734,3.262440132530106,2.1247269965716082,2.8005780076840487,3.4007342692501137,1.8861097775780689,4.74896917211553,-1.3475360804477736,4.800003543529186,4.369623608988336,0.5206509176125165,-3.6371692220022855,-4.107058979902717,4.5696040153682365,-0.526865895094744,-1.1126242317472341,2.3008454225702177,-1.095751488619217,1.4175994315143816,-2.561806702529605,-2.2348718710358684,1.718155065242911,4.094390878714204,-0.08850594240648668
-0.37128114456459915,1.7697529051709013,2.8987297940228416,4.5223743002742225,-2.019452263512162,4.010124887515602,0.29139148739611187,1.3696048387882174,0.8648411562357907,-2.1260342728301866,1.2675082840130543,-3.898488972734081,-0.7339218903327751,-4.858804365962495,3.8919054786527028,-1.2302644172088435,-4.746786664559682,4.572346236526846,2.167161923435761,-4.851093003716609,0.632743753060824,-2.743811452614033,-4.493046688853102,0.9948983388904598,2.0452628797809265,3.3830888992377606,-3.4160228471797414,1.91336805170251,-1.5802932293963585,2.7464048161350405,-0.4875695549855932,1.6286888044467638,-4.2549927821241535,3.871588030781826,3.8004193500254537,-0.00372186130863561,1.4478739709622515,4.342211283444698,-4.140483313537347,0.18006661908036747
-3.243710616793103,2.9403994989059203,-2.6079325977534866,-0.11272935966023034,0.30428114565093267,3.1128301319212177,-0.7176657344634991,0.9781793775692327,1.461617794119519,1.1903920231065577,2.0547475110100226,1.6659841405899005,1.2078910639524745,-4.428594906865306,-4.285819058300195,-2.5503724204404143,1.7752182969672194,3.247189183355413,-4.680057635804227,4.7899456939596945,3.0657750429461004,-2.224382478120808,-1.1164002347787587,-4.527954236373572,2.2795418247514485,-1.5690174324236188,1.4630829493620334,4.288257597292249,-0.1908525569992996,-4.878986457546778,2.1303167333149533,1.0057102389195762,-1.9710480386198155,4.716092475880064,3.9184469973844323,-3.8845611917835385,4.67032814561988,1.0128571602985943,0.6374053956370682,3.223984656760262
3.369952888876929,3.2634743018328187,0.8423474322776201,-2.588309793309658,3.458562249001922,-3.0335476752941535,-0.7775393986664376,2.7650551988209475,-0.3256439196252563,-4.096913300909917,1.4611193086663974,3.052040071093362,0.5633765213216471,-3.7990004116405234,-3.775521363387466,-3.0151407325416786,0.07225897756943045,-3.8254515926824832,2.509237566335532,2.0496235099468834,-0.7103613663809227,-3.271174865093775,2.396293853469013,4.88564917474044,-1.2141308902600252,3.458899358506752,-1.2073010027820077,-0.4267358492807354,-2.2086163020508227,-4.809671849932229,1.916188787385515,-2.53566462454286,4.5779233613520525,2.4231065933660645,-2.061810388406786,4.233695013033108,2.437045234625507,-1.2071225670086698,3.740576058546493,-0.984747434795473
-4.227931983468702,-2.8253998131028055,-4.0710891144503565,-3.7123940997205667,2.4111924921971717,2.6360099590680983,-4.240543498094697,-0.5999684706535593,-0.10386543846434826,-4.778419022670266,-0.9586660940891196,4.245599122593152,-0.3148036272406456,4.492108746824556,-3.605102395162776,-1.124079139058404,-1.4199930051092253,-3.3204722235630415,4.0288967901291155,1.5647738409147323,3.0282584620538238,-2.0322256534545047,3.397390643967986,-4.028679547186183,4.205572963468779,-3.3042092984057017,-0.03598383518161263,3.8285177851484278,0.8756271839257588,0.5231412807568416,2.919059621821992,-1.0013480095126468,-0.16320165197711134,-1.125140438081245,-3.115530274564254,1.1841299130517369,-0.855948877637144,-4.3939244768884285,0.7753421687964179,3.366394867106786
4.821824947093598,-3.4546075241991088,4.98366596129644,-0.13852831017766754,1.1138043848651558,-3.9882459267833097,2.5056292075580178,-4.5347715560061,-0.27636706184371995,-3.2664166062473807,-1.5178567385671475,2.240097820788045,0.6582543990451173,4.074420074158894,3.674435185993227,-4.928258659887661,-3.3320171768245754,0.3348592276932809,-3.0361588520554195,2.9730058235466466,-0.7766743880481446,-3.192983626228795,2.917430786225479,3.6170904926099663,-0.36606363641831585,-4.547066111550639,4.865912969264375,0.5265553152887117,-2.5844554185696125,1.4645544979155511,-2.218117189427603,3.9142523116474894,2.3270573105477546,1.2993986524411465,-2.0112379046166504,0.791235521211644,-1.5100004812473733,-4.259236603040827,-1.9659886216609395,0.09419876304323793
-1.9632040894488085,-3.7541025370546874,-3.7396461592707233,-3.0995219550128086,2.513383329452692,-4.378538713431554,-0.42198311922853016,-3.705881501412925,-4.414221159992892,1.6804357866984896,4.1716656378437715,-2.2825998331636543,-2.5170494630987497,-4.030708726760013,0.056506190525117184,-1.7290360237181694,2.4455071581627594,-0.1726069771518599,1.949891989083551,3.6311091602361785,-0.3793483599103471,-4.894043084145085,-0.6993608723065394,3.153708289538468,0.9389556296443713,1.3460813252034765,-3.8649416406036545,-1.815329021513861,-2.15062012374764,1.8568729210643706,-3.893500440151958,0.37612720194472704,-3.210945902879205,-4.365159527905235,2.0881004412395807,1.9715003223197343,3.668588219041183,-1.2967476742522326,3.423849616287395,-1.0645952599075237
0.2978826056826005,0.3734210797212345,-2.27768609217589,4.829420977987102,2.983676689402702,-2.2184604892935322,1.6534873750907755,-1.5580747106866912,1.5927228243080247,2.969432005915187,2.921732512520819,4.922000015590445,-0.3482384588066898,3.051478749904051,-2.777174332612543,-3.6327727625295783,-3.6562312165140955,-4.683376805491598,-0.39406947492053135,-2.4041646753665296,1.3616465061517493,-1.9490680061700165,3.161618536772785,-4.357118303629872,-3.4998766896441413,4.241658848235115,-3.6125604473065622,0.6462341433437269,-1.3992943020511546,3.1670507076991843,-1.123580890784032,1.0945965623954192,3.317942224991265,-3.7997033156088005,-4.386875166365826,1.8859688673675823,-0.43078343858336066,0.9231741566634408,-2.672119920137762,3.93347570547855
2.0001576875729725,-4.601123638268658,2.045527651848573,1.4092225956991191,-4.895694820821003,-3.484201480983671,-1.8521058270363113,-4.406366505083897,3.584277719095173,3.0563736269630564,1.7949756257712766,1.2753044075523015,-0.8196016968557371,-4.4033044029969535,-3.8647947810575625,0.294857134065194,-1.8750857723266723,0.6356741879106771,3.3982148057965773,-2.987357833160376,1.839473140885671,1.160539763001287,3.512520923580377,4.54922990392404,3.5823879351951504,0.2690608614017158,-2.950845685047838,0.5969359637459712,-3.0519208599624488,-1.7946218817484096,4.213681494805728,1.5937054753913893,0.11398520464673734,3.733491488031728,4.753303909141868,0.7385987536261229,4.871471416867429,2.2215535739635905,1.6955042043284774,-1.7639859040099415
2.2909105838800254,0.03344885240571216,-0.9404453611243921,2.2399750970224215,-2.6126981808300362,2.5158963818377273,-1.05574236832024,-1.7423978921322671,2.9948697848532717,-4.162045161207194,0.9342961471931064,0.8970527901078889,-4.489912362300028,-3.847893427520289,-1.4950962161048427,-4.599947996024247,-2.96345147078169,-4.593121357887164,-3.735321098432575,4.9235671472149996,2.090275923786992,-2.7909973027947057,-4.3012259245684525,-1.2399892357558882,4.729147628554637,0.43019254176046484,1.1442422288150382,-0.7278823937939389,-3.914107188072032,-2.704244625310859,0.6772646507487519,0.6562279989852415,1.5323458569162787,-2.2349465540322875,-1.7733017655571408,-4.690834072992254,-1.0800634263757996,3.633738183890035,-1.8933013170454749,4.30976017102849
0.78302048868541,0.41113088317477864,-4.213385845626147,-4.610752095367699,4.00491907309063,2.5307393208752007,0.7743260034694988,3.3411371185380663,3.9379021804440058,1.5386540106950886,-1.066426764593503,-3.460751571968707,4.608297597611749,4.462262076195966,3.772850231339941,-3.9369566891161214,-0.915920806939706,-0.2010266947514321,-3.8807119389958724,-4.5978229555553085,0.5529830388830952,4.117089710391406,4.561370754367896,3.6408781520251985,-0.058806105851035184,-0.01560901478133303,-0.26757323954251344,1.7895315537478682,0.0001906801825422022,3.9188896451172237,4.483842411812258,1.0335502742459433,-2.9372839603396006,0.3025136519405658,-0.42525245423560243,3.4840269399818204,3.796545500140505,-2.01919532431921,-4.371793136311868,-2.0421584175687513
-3.973585690270721,-2.1810492928796403,2.9749727289881056,0.8029730703465745,4.967351248021735,-3.359497094725573,1.4860232667026914,3.2022828972499475,1.0869290778356735,-0.08125636929087143,-4.776416024369927,-0.3655651634623478,-3.415897716376108,-2.3620793661869754,-4.3289325040820845,2.9401854996494814,4.4845003476364536,-3.0011981164296397,-3.8223646054463716,-2.4400533447605537,0.7138628176263744,0.42668115650979743,-3.236933970688307,0.3576721389177919,-0.9136998437362314,0.9740815754772791,-1.5750508675422803,-1.6884271094447993,-3.367370132595852,-1.2180318867243347,-2.8964643873095723,-1.6764705138599694,-3.9771502959186424,-3.860079706092899,2.5851305519473655,3.999082949744645,4.365784524190797,3.5599545044075693,-0.06833085697121533,2.5966600632091854
4.864430975617529,1.4424040065152868,-3.7722813582338803,-2.118452996042044,-1.464176056488276,-2.2859736507858095,-2.2644167676430307,0.6426889577995851,4.828491467610343,4.530031369484789,-2.7937360186681435,-1.35521655267179,4.09204634980223,0.8826667466987681,1.3755940090973295,-3.5118652392403216,-4.383435310864936,-3.426584736947128,0.329808581290175,1.1855457894982955,4.64777991686716,2.439087583478326,3.1068993442556607,0.18805847377532814,-1.3153873914120333,-1.6671220164654428,4.826424515050858,-2.1830452734977115,-1.5310062040495458,-0.9668350294041534,-2.0469375798961824,-3.9991995006175833,1.4525048844772002,4.431228582716612,-2.712483799890601,2.1864399620545427,1.5635027682669858,0.10709773449196636,3.3766235257457833,-3.0047971068716066
-1.7223514710456653,-1.6716263032897185,1.7787735233382271,-2.202013733866373,-3.7351367045202424,2.456097418199949,3.299708110958699,-4.010041161186313,-1.1810008195558503,-1.0011523998790728,-1.53335970466736,-3.4915143744290655,1.446952667352476,2.4636132792022893,3.4687022786293085,1.2867157700755563,3.5687911047232745,3.2806922330569783,4.692650662463137,-4.060099551430255,-0.11599623577530949,1.500679717493469,0.17729955300250655,-4.7387955137192606,4.476481277523845,-2.06062128312554,1.2371374178809322,2.5483077761774346,4.376348958163138,-3.825755782659259,-3.5556694028854823,1.399437874244799,1.0690126938700528,-2.642835615684089,-1.4116271545246373,3.9557710396005206,-4.083766632981305,1.2003542773081737,-2.1134464305340583,1.3268732946140682
-2.2834388287585448,-3.7771637285914132,-1.0484975913974663,-4.069944643637286,-0.22788494493327516,2.321470482921254,-4.436713005817584,2.7058449027000684,2.6401191617588085,4.4510884501689105,0.8549542726719501,-0.9938596541041864,0.5121315469039791,3.9500265295321704,0.8227083110826614,-1.7894212305148116,-2.2498757533302123,-3.4733226776069746,1.3543395385282775,-0.6390468880853009,3.2501236797298034,0.25924563713495097,-0.12905724403133334,-1.8821060196612587,1.640909132744123,2.762769120962533,-4.620050948485816,-3.6503880004133418,-4.081779219762317,4.788034568515926,4.511342255887094,-1.7092148360121309,-2.8646496963421746,-2.5313051119912027,-0.5142206404471032,1.1083696198627369,-3.2219868289190567,4.288148153578916,4.599530887422439,-3.4923774082997783
2.348888123977452,-1.7611185761342445,-3.0161638174394745,3.896435389359997,3.5701475580260773,4.180609998671223,3.6080474898521118,-4.787649477639422,1.9942072026953177,4.941849813592611,0.3232952558807227,0.37281555248606413,-4.235155754108299,0.24986670536166145,-2.4121714366688867,-4.500908892248764,-0.2881468523945703,4.830958744210328,-1.1618428987461304,-4.240398395175303,-4.212504417487388,-4.1159895518436915,-1.5057672555594719,3.025007385067731,-4.370559274856903,3.6893553089953137,-2.535996040311262,1.8219996202120816,4.122282548946389,-1.3386798732224197,0.5699571894567113,0.21815150102907221,-2.4099351952681314,-0.23888550241405504,-3.6977849709433213,-0.08264307967583306,-4.742596663987905,0.04044576371213271,0.34886076235829844,1.824890406134429
-0.5260611022789083,4.2111240659934985,2.4249925513719264,-0.17648661727022041,-4.421834159958527,-1.3142159181950523,4.262353303269499,-3.518587325683283,-3.1471660487141495,3.1739876861712766,-2.977570174788908,-2.347179847148839,-4.059260738185402,4.849512919870811,-3.0277268425551207,0.4552029123695718,2.18802973617262,-1.7308449142101785,4.299333024764994,-3.677900921802906,0.5375091561216383,3.3477905061514672,-1.8277139645517089,1.4872283383379,-4.3850331070094235,4.314865740298661,-3.491457487541019,1.865311542353397,-0.27749811413555747,-3.4254790110459457,-1.7525675243987688,0.371319837315073,0.0759161311700911,0.768808708589475,-2.1093375023140464,-0.7367226378118445,4.759625878406034,-3.633350564659292,2.4382243612158216,-1.7793541709071237
-4.932299640617378,3.234938364387153,4.42953242878778,-1.595573631660062,1.9468054743276237,-4.969410731113576,0.8137653279527601,-4.596439469023549,0.7209347873920047,-4.362582211333789,1.523045920804532,2.386132936428835,-2.8893540431351483,2.0996977421580407,-2.2903696605951036,-1.4046809045346316,-4.6214829271131705,4.995639089797448,-2.13372508961915,-1.0400622920893134,1.3386295497705456,-0.4560805680265787,-1.0319820608359285,-2.0656737565635823,-0.18515326973252044,-1.4999694886128285,4.7636697117483635,-2.4136647582451882,0.03584403760283905,0.664397696920429,-2.8466706439891634,4.51046425918201,-3.859065653850828,2.317391495941191,3.952695455805257,-0.6373822563678795,-0.13025372708755256,-3.958259158099455,3.695972042209007,-3.2731099983263525
-3.1599222785370102,3.6903975078844606,3.8600104482353057,1.974899410992716,-1.4934416238176218,-2.8385649910288557,4.77368945840732,-2.577381644038571,2.765856492126214,-0.8252495302392884,3.3451332556149875,-2.707592455015671,3.9497938320315242,-2.2327609937729136,0.2768375387803612,0.9383792169271299,-2.0572349385648514,-2.3292508731143324,2.8802349566580565,1.407236428133853,2.027490994687411,-2.5892589234255894,-4.64730735948716,-3.702661334875968,-0.04494130618813852,-1.2747509580325755,-3.742990634485512,-0.48973646210788857,0.8103693950455053,3.194602264234117,3.9260046286262913,2.5211382643067592,-1.8605288847675379,1.804232937196053,-3.8559416008061964,-0.5318876937254702,-0.3117069801601646,3.712793081894766,-4.543556567399612,4.794674956379348
3.633510764803848,-1.6969595863002351,-2.539946628412586,1.8714151042008265,-2.559245014834241,-3.7619355827870926,4.187758695791521,2.5773555574691454,-1.012626396855989,3.671760647775548,3.086331068744986,4.328836762181931,1.7346433128242076,-2.006385980560367,-0.9314556289014213,-4.667884391595137,1.936721797943326,-3.521296542832313,-4.244358349841985,0.17422481041642346,-3.2514416503065466,-0.5317783218259287,2.757286774707012,-0.2411654503768057,-2.557725732322094,-4.597458564652396,-3.593679192106153,4.482914498224794,-0.9713700349741874,1.3339109670485927,-1.8891187681387356,4.684654880108631,-0.4503518123063319,1.940555345566124,1.8258371620481686,1.83420043455342,3.9839684974688137,-0.5958773317821517,-1.0092982360693097,2.956079615320628
-0.9840879342302316,-1.2865925350510494,2.6904701177725645,2.0393397321669795,3.8695076049077883,0.9161050883286306,4.222788826635163,-1.1681237236090607,-4.098808269492114,-4.599820675111497,-4.353838699630144,-4.927963874021244,0.1630822836460304,-0.189515461581081,-1.9039952059863041,-2.6984276255048756,3.0376137452504217,-4.9185988472749615,-3.152060412623788,3.4360434302980547,-2.2241736506634275,2.0157954363910955,2.728628294215537,2.653986659457588,4.105156479854237,3.0726860118731985,-1.4653670004199935,-0.9269094465080201,-2.149674307392155,-0.9439396293168256,1.0769827785979338,-0.1413753358420644,1.6693113833298634,2.1445224493751134,-1.7417917839147452,-4.663006809674306,3.335831959447397,1.5573153348500242,-2.042080948782626,4.188505967640559
-2.1465479447685105,0.8098472101730998,-0.6860763993780212,2.8759646945137254,-1.7012193313889892,-1.22159291034527,1.0364248568296404,-2.8499039066006633,-0.1521697317424362,-4.458044114313034,4.818504150271028,-2.0743666339610956,-2.7667085328769985,2.2460841121288064,4.7664304396555295,-4.554997803540237,1.2538766081988486,-1.4147516061169534,3.063694433513305,2.120177777013378,3.4957524844091417,-0.5211034042759719,3.3082202378743126,0.808478658977279,4.6396199569499075,2.202430424032303,1.1854286667674394,-3.2793210621595046,-0.6193635181204673,2.082481798836703,-4.202243355694124,-2.5081388977803174,-4.000860349789615,1.6464096454728816,-4.25913712975747,-1.9469010086871172,-2.175509317795866,-1.3229317016076028,4.952042001308431,4.690059021652676
-1.4196602357803578,-1.8003189410184617,-1.8071851737050162,-4.500641510104311,2.7419745051261204,2.7486690421166218,1.3731364302682723,1.2023345711086,4.400553957830345,0.2831524631074389,1.6351387207896657,0.9013383686568144,0.24612744555712318,-0.26202789613700794,3.423046917176741,1.4909922390307786,2.64745701185742,-0.24790228423963967,4.939192115357518,-2.1058935059989197,-3.4513455019214767,-4.046343315016935,3.4782438693497006,-4.250337888829223,-2.0001315580741945,-3.204939937881144,2.2249638799870297,1.290324198678361,-3.2868722940526043,4.850569363077563,1.6965653652163937,-3.625532600575835,-3.184296589877041,4.130005789417302,0.28539256708449123,3.131416857288002,-0.23031956697647882,4.664630723316861,-4.072378509318977,3.4927323217492106
0.6043488944106477,3.7602038269087394,-2.5823197060627425,-0.6266083514757321,4.527174272548184,-3.621318652869115,-0.6256244427004178,4.886992198906224,-2.4040048155207656,0.3159883797064005,3.5513130341107875,1.4545234030802066,-0.39398958465584144,-4.124623600536928,-0.03327441079711413,-4.60591326102414,-0.20766054954655022,3.782722951278439,4.3214056136896914,-3.7973679332359787,-1.5295558021945688,4.09416131494886,1.0045951506530457,1.8380796072499948,3.0833144636755563,2.297618464084498,-0.4674496227677212,1.1691718155772568,-3.981354003325027,1.087313976247768,0.7553425238690572,3.1330007528940182,-1.8278773386098668,3.707438456661576,1.7002077917143046,3.8712872828475486,0.83896475922867,4.990619369127426,4.844977211944169,3.864045745347891
1.8042137400191027,-2.4611086132427538,-3.499457463449396,0.6188941609309841,-2.9383800842043555,1.7519041607930008,3.119718482683494,2.9882375016078777,-2.512317596573067,-4.520845318207048,1.388635306046714,-2.6463639607172302,4.494991249839382,-2.9197078027646035,-2.967163880268306,-2.31003151673948,-2.3506622326114135,-4.568620231973194,-1.0178578367293811,-4.0194452688017694,-1.397551838033888,2.6353159750103217,2.522200240906482,-4.230923800498271,-2.2910448177583156,-1.6921979596756924,-1.5449411402406343,-0.37482935319964383,-1.0576856486224226,1.9067016577800953,-1.3069474433990975,4.123132935285433,-0.011215393710859445,-0.5677343620177737,-4.360979328727482,-2.294153049532379,4.433921814070093,2.298297921944953,2.019832498824666,-3.8023543651894003
-2.3492599779941914,-0.07106669443446378,1.8802381198551155,1.764148470495308,-4.645292206933538,-1.0801694031485418,-2.9668382701599634,-4.881276511563961,-4.3828914263634555,-1.940916662174291,-2.925213981456439,-4.555672896630259,0.7052617232181344,2.559422510410723,2.0093131024474244,-0.7124195938315792,-3.5281974256297746,-4.265042626677702,3.5628212490510993,-1.4651370497201004,3.0161109531316157,-0.7118392111588747,2.4927648901878383,2.628809545931629,2.2482601025053075,-2.741083953965661,-2.3700597285558533,-2.0677808391633645,2.045717949440677,-0.021896848896962418,3.1426234090511382,1.1474904892712123,-0.6890900391118286,-3.4625713744341224,1.3631400897891846,4.343262094021609,-2.8209661030908406,-4.054450998733282,3.931397885353636,-3.761126745606143
-1.1936331401283793,1.3793466163605252,-0.05518681718576257,-0.1686584588677853,-3.045690614524891,3.2252921558470895,-3.847800958806332,-0.5022641152603811,2.4036135085189327,-3.4470276867910674,-0.4776617907148921,0.5290891617857927,4.434882444047469,2.7018688177224988,-4.309673933192225,-2.456364820940797,-1.4812738397764456,-4.08523607527624,3.4140045103334966,-2.869852304189676,-4.868005672868704,0.8939164525000196,0.3404714268817157,-1.7336130065218711,-0.4196164752070928,4.406797378753634,4.0848171878571,-3.1995722712160153,1.3235874907957959,-4.09338012259974,4.885286418478124,-2.2630954774155327,-2.3495974397494885,3.98464185555725,-3.2955627678359756,3.7277883659490314,1.8382901355651722,-0.40188111321107733,4.698862429608205,0.7674718585765214
-0.1872401090148461,-2.7580905859248324,2.8077166071506294,1.6311132214879507,0.666715914113114,2.4423434420202117,1.731190218262606,0.7779276450751045,1.9111459207363977,-3.8859544313443424,3.2405283130202385,-4.518625448810448,2.716397973649448,-3.76706650540709,3.0828756395736896,-2.019456271958524,2.066704370676841,2.149816051633411,3.6217286513696116,-2.7289440224667723,2.439478720227748,-2.0872301119505,-1.7767102405918704,1.1979132733255602,0.8540821693766398,4.932008497976918,3.023177043850552,-1.9434322714716687,0.30634192161652507,-2.8233934649939534,3.4616322016610077,4.448685964007842,4.864201368724535,1.337918062500699,-4.9241048983189355,-2.5407894047281383,1.5043031481330784,-3.6124717509242537,0.09074489323828061,-2.1352097462492154
4.977139250852048,-2.377110967609596,3.552511936290376,-4.834466649655923,-3.8217417578856074,1.568139420907439,0.2658782700800666,4.60422980120663,-0.8782431558890247,3.746060920996367,3.690768331922934,4.821804021270124,2.8513055329482997,-3.9489551806550978,-1.5194463574527317,3.7045676334173905,0.7217424001734596,2.2167571182359493,3.5946522754993975,-2.037460157981559,3.5322055801618912,-1.702239129716399,-1.2352407671527157,0.42303305610894704,-1.4207372325509509,1.290665440323119,1.5927106531144117,0.06890978635567091,-0.7588595243930047,-0.6084174170805232,4.026405126731179,3.1673160435148198,-3.7220736073006457,3.2355217730065107,-1.011964468066524,4.042366504667186,-2.0270601189606987,-3.5103806300977007,0.020545333425459944,-2.6093255205244503
-0.3991039433177912,0.3434946843627005,-0.6130089255780806,4.42548990024012,2.6565593203036713,-0.6407340198213616,2.423273493559803,-1.6015268800013924,-3.5246357262546217,-1.3585698442705603,0.6563156944027604,-2.6839798107665356,4.946138456037206,-4.540498524301967,2.4014919827729164,-1.3141890124855293,4.788190007336743,0.41669233652667614,0.24042023975467952,3.415865939525297,-0.42207601172702347,2.2070847107067237,-2.881299842140362,3.4054938243205406,1.86916243931893,3.0424237930022446,-0.6604447296026077,1.1953078337434784,3.4345948908642256,2.8983503515734608,-2.980379604468855,-4.157372426867477,-4.147082593787113,-1.6306789389194765,-3.3320441876028326,4.200422714949488,3.69891617140563,-4.562634321661472,4.265573291285262,-1.2275208512080624
-3.5665851661859467,-3.4098677674424493,-2.3975623152884378,3.136401434515065,2.8734841837237015,2.4055428886794967,0.49317887207212063,2.353135622700375,-4.938734838666603,0.25617590802340473,0.5675501401322816,-4.014281147355538,1.7791749335477904,3.268247494179189,0.7533557450741561,2.517163622351976,-1.2906092807741287,0.6042382460145479,-0.06989543078432536,4.7146137826873975,3.0753845678604836,0.40112164435520725,-2.761540129311128,-0.4655731831433618,4.978290538188734,2.059137030441258,-4.573305995264818,-4.373380769467874,2.241832698846274,2.1375371478355625,-3.9806141945353866,-1.6076361971852018,4.703387864683272,-4.2849166758907655,3.264478508252619,-2.6106712847651723,-3.913910268671536,1.0699147282576869,0.03162395050618105,3.52326239107024
-0.40998647785461007,0.8477404502938573,-2.5574260711153785,-3.3231049656488256,1.138939195988443,3.434673518180503,2.9208651908994483,-1.4605420076751265,1.8946792970978272,0.009115708324824112,2.3325535055769517,3.9209312271507013,-1.0922494212245337,4.137808978366902,-2.9245141540491493,2.8460661056463117,-1.2508542477473465,1.9964801419875053,3.9422729538698835,-1.8413399340447008,-3.8087750961362006,4.20354203528343,1.2932234983257054,1.2225315542543846,-1.8523434404894528,3.108892490926184,-4.22909471685054,3.4922812993346035,-4.775037845187433,0.712046227938882,3.3672145494982235,3.8965292216089065,-4.157883503361038,-3.946617143575893,-2.3375142993111977,-1.005532337897228,-1.6287191557340797,-2.6209342310482446,-2.2769163174194613,1.352909939825099
3.0678098816699677,1.0238741083083926,3.757939074055866,0.0508838351551999,-3.9103491030291844,-2.889019307811817,-2.4880226123232783,-1.420722855179135,2.3472883687735804,-3.204283019689619,-2.958204975480056,3.804073216019791,0.817432718574933,-2.5862122296271726,2.7448014581537343,-0.07800984712206116,4.726096863350309,-1.5627965612869406,1.7092440932189525,3.6675998232808666,-4.6436672260630445,-0.6737041836646238,0.09402696865324067,-1.3216425590454293,1.9967058464538407,3.3431256003776806,-4.514822800368679,4.137893760034444,-3.2350906465288762,1.422543469531031,-3.148312228738476,-1.3029697854293443,3.8935030249555567,4.672003412890621,-4.676053713123487,-0.7594214248005873,4.419404686491845,2.0900382145762473,0.4910395494396642,1.0841648549164358
1.5070855998782235,-4.356212901264355,2.7604734027962907,-1.6335388916811873,3.617842370384066,-2.5852739575859767,-1.95285293894369,3.8044796643148473,0.9912941305317382,4.19141069900429,1.5295706243914822,-1.65464817235268,1.9472460979320738,3.831451420693204,0.3316907684553936,4.932613477150538,1.5437475783343473,0.5345213100951511,3.5037674484101284,2.454877884662129,-1.7705114402367705,2.06861992953743,1.8156494043500668,-1.8419820042461428,-2.1870786723301503,1.5247487919522529,-3.0448282131229067,2.9108964400770523,1.0273864732412266,1.4380083244378348,-4.994613116085932,2.662369680963721,-2.767659386647863,-3.265182742119201,-2.6434462319444254,3.5552652949369588,-1.5740976410004186,-2.5711574131857096,4.186012921477808,0.988161039663976
4.156671591387413,-1.831471183884061,-4.002238130827725,1.789672031605848,0.21915483180206774,-2.956468576499231,-3.4290066691976984,0.5642192501943901,-0.3159017950601193,4.010620957455174,-2.3599277185215084,-1.6469852946799564,-0.21532246273160371,-0.16479317178601427,2.8868492554408673,1.912900641034816,1.354168415899113,4.31085830861848,3.5371456092743934,2.616068531440959,-0.18730207398835486,3.1622999965550864,3.658390693062156,1.2874045068981523,3.5026729686578246,-3.3561115418475724,3.3890683948266638,4.868147960049834,3.4975655418563907,-1.880175127585486,-4.631120381326787,4.725600172757863,4.602123492645301,1.9014516469318394,-4.140651700612389,-0.36763418055815755,-0.11687419581134773,1.6555613029385832,4.166443682573748,0.6777025007823045
2.0515289515893764,-0.9673799303627204,-3.055404954974671,-2.2995878175358033,-1.2224959369873796,-2.774657151524794,3.432014594211312,0.6893693124594371,0.5979210280914424,-3.682613934614128,4.099688665630602,-2.1754841403228826,-0.6948919426340723,0.31771719198381554,1.6938946391607468,4.157024276679342,-3.216958234083253,-3.717600086968998,2.0121952269435583,-0.7991336765943382,-0.92592298910085,-3.434255988719685,4.424672154188375,-2.307773582582555,-0.6197542946124859,4.563614909428381,-0.8531675265642384,-4.965559993185126,4.797078605132953,-3.0112748869141814,-2.605190033353432,-1.9849675773096669,-3.8251972037748962,4.569731509409426,-1.2482530535442642,0.5870451002551569,-2.9299262867867464,-1.9380737025726429,3.3175205846507705,-4.54670701519046
-3.9880869364782794,-0.42904157480716787,-3.1701400200676675,-1.2388192000981109,3.479228497935754,-2.6297858590873178,3.6822692341619483,-3.030732389724511,0.4316623659372283,3.9395491526438082,-2.388850846600501,-3.208543562416829,2.8136264758060525,-0.9272579032915722,-1.5803730865389558,-0.7348434241896031,3.2781834952258997,-2.7041788196146452,3.95381993274826,-0.6174693726914509,1.5011367735479695,-2.6774431252513753,-2.9209592299405274,-2.67881799408047,2.9313934796878165,2.7796966109458765,4.433582102868641,-0.9846832614036547,3.4107598058274906,4.917086491378653,-1.52395158929987,-0.21589064743263187,2.1321397983225223,-4.752793468728693,-0.9791453784930928,-1.2618906668897694,2.292057526352168,-3.451532325936537,-2.082191595349987,2.871553548658948
1.1555777330881059,0.31845168559834036,-1.5478559238073428,-2.352988752630216,-2.6450704826088285,-4.543923735966605,-1.6126763540348605,3.578436597417342,1.9281785645245932,3.2797269180536297,4.989302447533234,-0.08621113699350946,-2.350601104300571,-2.4444371730419387,-0.5964040903922392,1.4699481286374763,3.1095103260597607,-2.4315569159519317,-2.061373991423708,-0.4256624191454641,-2.1711023684907875,-2.2313721729250897,-1.3927401175882554,-1.561174398144292,-3.349828583047507,-0.32201133928161063,-2.312132979319845,4.204998759603715,1.3253128438356088,-2.4594734764389607,-2.280397871936815,3.9495871996848155,1.7374256657909761,-4.157420884112395,-4.836436555141486,-3.9147839390862718,-2.720093577791822,-4.8417053932661105,-3.002688979355491,-3.0758189188659157
-4.306741318127002,0.9055530014667834,0.45942629712363203,0.13713744238386383,4.7845574584141755,4.506841326081187,-1.8901825643382137,-4.838360750585801,4.261603476263943,-0.7517523089795581,4.213478646401555,-0.28938407203611405,-1.560515744303466,0.12623319456235382,-3.7227776873547724,-4.123436168992138,-2.151516971651009,4.919472130618892,2.9872717727280316,0.9679969788659806,2.7093437672795933,-2.7192772769245224,-4.974100023537923,-1.0269991021756675,-1.1172758764853419,-0.9651928809029693,-3.574924747619627,-0.9664026214435264,2.5639962471875632,3.623634479152397,1.7555029102504953,3.6594312922201926,1.9343079960176235,-1.0431821099288108,4.734754018385491,3.8901194619994666,1.0704661450793385,-3.917571564740378,-0.406577644872284,2.020304087986152
0.008874160634787742,3.9166995022334508,-2.677889549496096,-2.082049431129094,0.7378007687922192,-1.195512863532361,-4.631774733851741,1.0956322151057591,2.505556193249374,-2.054373799870217,2.7979025070839656,-2.9337284018431955,3.702589147758074,3.92939247239733,-2.7214393426920185,-0.995120203396131,4.2199424060764965,-1.6078765299941615,1.9954064256232904,0.19582823212432032,-3.5404817723064497,-4.718772320414979,-2.8543292443550365,2.0865001443250364,3.0188465925740147,4.65227232472396,3.757342523275266,4.262482076132789,1.5529640553452282,-1.8744503709378324,-4.589753510719264,1.1830053191045176,0.6579182478488832,2.7512202722477985,-2.6740727932370234,-4.777981414264545,0.4392252526230198,0.8871744639062911,-3.9028811861837034,-0.03749521864125693
2.354562691062486,-2.4286051020751334,0.15324905701847502,1.1638882026962776,3.0565704847696757,-4.226974108457214,-2.6346435869254856,-4.7398122835612595,-0.038161217726710994,-1.1514222156608849,-3.8318928986159864,-2.824787755891418,-1.1690970538944678,-2.9308724868519596,4.651784282912185,0.17811318751688088,4.400914001486786,1.2216886015729855,-0.32767121592562276,-3.5904135215621773,4.118339503471249,-0.32856429593376557,-4.0720349314174555,2.7778743526893113,-0.9954356884395166,-0.9328300863583214,4.582681591400256,-2.927703480971516,-2.083001490366469,3.971268130252536,-3.524872302938406,2.6138678490058966,1.3187062406210428,4.279257392365041,0.8233799727929982,-0.4564986101019821,4.967010188525876,4.785800045150166,0.41185749963611507,-4.798193913342426
3.9594583928465372,-2.9958907214895074,-0.5169198674073341,-1.7817909936934235,-1.7710014769567457,2.098598919266469,-1.1966173523533596,-1.848375028191331,-2.706277237299778,3.4342845718601254,2.1130065650709016,-4.183374453977284,-4.3925200389201375,-0.028650816138944712,4.144034851730016,-3.6726229787699642,-3.7915409002971936,2.4833595047062786,-1.6873308346981588,1.4796516122718772,1.09067800774715,-2.1765743167044334,-0.2821798559853157,3.888956648575334,-1.2569291492923895,3.409702853834215,0.951434896999749,3.4130481970055477,1.1435040372866903,-4.482719712563734,-2.949817088134,2.6465652887928224,4.474226938384829,-1.2514073646741277,2.7908114325170246,2.015586500348107,0.3692788822966193,3.865024813264709,4.483898241985539,-2.970544397758637
2.028306277066947,-4.551560322620449,1.026040989195371,-2.9583418337688467,-4.010817681636003,-1.431226376912147,-1.5216722508062164,1.6435561847042477,1.3062289936994969,-2.667648413819826,2.6809115522316462,2.3108931555275136,4.048216417780694,4.934995742570688,3.269405471178114,-4.309833377276526,1.69876571024266,-1.763048308643349,0.004491222332305256,4.107559048502063,-1.4157591004547072,-0.18616357814650364,3.0690684090004012,3.432207170948324,-3.9935024730183164,-4.508254144520114,-2.733882361041022,-1.1660939388129545,-0.24186637243337294,2.418826593332998,3.475208950615917,-3.589923860346592,-0.5393826666780086,-4.528025066929078,1.2283281101924448,2.043965810808124,3.2557211091642397,4.159700558610517,-0.7593102902208058,1.9461492410965322
2.3946849051683783,-3.89746309594653,3.6176149445986745,4.914476632467805,-0.6233215694847134,2.3855068808809863,-0.5642790424420161,-0.6349475086381879,1.1812787247029641,4.653638826374264,-0.9876010270881954,-3.7349465851073296,-0.0077214882770046955,-2.645060133709449,-3.985844098806261,3.0041122786162298,-2.0308498586577173,-1.4616811092375426,4.005843515964459,-3.87445737920262,-0.4511469385225606,-1.3179263520775613,-0.9723371082245817,1.3485669865912104,2.866076834281712,-2.3192971187559075,-1.331975045993134,-0.7635131639647801,3.662248900198515,-4.163764456968995,4.057442718439306,-1.7396409769312058,4.480339478803565,4.086674805310459,-1.4909634859049343,3.0690460903263226,1.147727492893499,-1.3948266377072622,-4.9925234393111575,-4.221232166554462
1.020848930894581,4.021743386815123,0.20559687720667075,-2.4294462498108804,2.77912133181748,1.0435041092980413,0.06611858456541064,1.521838134857651,-4.896599988790362,3.8638056911784506,-2.6481492175843853,-4.861024055140021,0.8576150491789232,2.623896124432595,-4.6694656360277795,-0.837596546790234,1.84401184613185,4.824572269002861,-0.28961842270665805,2.2921088084156507,-0.8836219771630374,2.611204292561257,4.99746591489415,2.6105947089764934,-0.38371013710943913,-3.470194431124312,-2.178209421704522,-2.882456842397842,-2.624092321300905,-2.3297638523370705,-2.3569074714956417,-4.645457930455894,-3.400199546483729,3.7699929542586865,-2.881999685554398,-1.7405003404386292,3.1773318410181073,2.6580361779324395,2.5335652011910783,0.2876106544622381
1.5841545966004809,1.9860032820896647,-3.281432422284447,1.876240388381511,1.5734457329916642,-3.8996910993605263,3.5418774600789362,4.08338619264932,-1.8101493722382376,-1.3819160078843589,2.3014646678370463,2.4421055256216073,2.3463773386216538,-3.687722395269491,-2.872705129336314,-4.472161698568899,0.5221784067424062,-0.8662697688909198,2.2406253687010818,-4.908025029320731,4.1842943496266525,0.8150956338890101,-4.750536810949967,-0.5563816697937138,4.24925685714703,1.1201221801524008,-1.1445984082707121,3.2898964507513853,-4.708873927942671,3.5391180491945775,-4.609985564197628,2.2913284865734145,0.34812121431447807,-0.3714230588110601,4.051324525014373,1.065901449060183,4.340632612887834,-0.005416685999609427,-1.937772149509689,-1.1573706049476744
-2.852081633998376,2.3161650934610787,2.740782498703642,0.3461234919166607,-3.6857025086685438,0.5450458022938465,-2.0484248607256497,-3.3946728845156358,1.2881575737269992,-4.975197850497326,-0.5647191237233757,2.146757825126394,1.2808133311190586,-2.342009740519781,3.221922911793749,3.9212232497044006,3.0104770044106193,0.7118068251610019,0.1366369537301253,-2.3628945827040986,-3.3964100537308832,4.985294001209997,2.529832902063011,-4.953931585417423,-0.2493180142266933,0.3312481417861477,2.712655065688903,4.731652563307298,3.0397402984136264,-1.6533053477543391,-1.6932651611970702,4.995607922312978,-0.20980270002154455,2.6419969319068954,1.4347644608754484,-4.45557381146927,4.840047091742644,3.209200314632646,0.39456954994262805,-4.839236470324255
4.26254690785643,4.416897282712375,-4.889501208205088,4.751373573462626,-2.1293703530990813,-2.5062719095165646,-1.8194249221973569,-1.2116994663642715,2.8156343596707343,-2.150335146442626,3.4043123564364617,4.967043404619272,-0.07683932331793919,1.0610962624625442,-3.0892355535399174,-0.6194826931892559,2.3575180371280426,0.11862567684244762,1.2509406080894294,2.3128994969451364,4.427855936274636,2.4599363926548694,4.374942259845218,3.9279819037847084,-1.0584724164445038,-1.9686794879168006,-2.514185266380093,-1.0838426217744428,-0.1654198675863654,4.768017203802227,-0.10015610893324745,1.9430785081423485,-2.7498616271093925,2.10600352035092,2.7108443142801963,4.9667294933656905,0.8544203359985589,-2.2335661818841257,4.997882420055252,-0.9148866524298143
-3.2723307745005235,-0.9302361999722208,3.115558701852052,0.010071147189400165,-0.8699011284125628,-1.9999633499104412,-0.9659490039850223,2.4179336376226814,3.1416052698757326,-3.779206429097921,1.1041688547305695,4.718250347266611,-0.9023573318922189,-3.7191414345744613,-3.939859107543117,-2.874965879821346,-0.7728986080456277,2.7836049234510742,1.0435059987450943,4.659887687525181,1.44375131363749,2.0342882936426863,-2.0086786203410556,3.5557114582737768,-3.6266138911711145,3.770388567460831,3.443435490992325,4.645830727083155,4.674207717431024,3.872222439371228,-0.5714229947091258,-0.7234915379990632,0.5965651933640883,2.572490354130804,-3.1257695508829677,0.9181028482342075,1.0326257661266913,-3.3050845521383483,-4.4246187109324335,3.170806467923267
-4.047079866449962,-2.214504067150942,-1.93253613005874,-3.471399536591717,1.3438448641509284,-4.168234578031227,-4.373380701663187,-3.2329717641128743,3.7083279087928123,-0.6304746145637523,-2.443273808048062,-4.373980664282429,-3.324526145934424,-1.1324018965714222,-4.896353178145664,4.366673939169154,-3.4039083109566706,-0.1897704770002555,-0.7023569867385522,1.6815480686658058,-3.954620116524101,-2.913311591255227,-3.7759794709065613,-1.497354140893767,-1.4627515523469468,1.4402293870082419,2.186643109991728,3.8508351806916608,1.1725377721418546,2.935992820572624,1.9999510497603783,1.7891136130036722,3.813946176673511,0.8074635543629549,0.9075789116058495,-2.42240569442996,2.0715619737220825,2.4684908674080264,-0.984713916118193,2.1092217911866538
-1.4908591797290343,-3.500063732197649,-1.9151203953414186,-3.821204114500304,2.363011530287266,-4.800300241835043,-4.947545615789126,-3.1198859560117045,2.6686562008858807,-3.325485818520715,4.489857213543068,0.11743505760678374,-4.502816540427705,-2.665016201189237,2.4933751884835846,-0.4718439793373417,2.4966658448334824,1.0925489861767428,-4.782722216939714,4.208540620274764,0.7749626760074939,2.85816274735274,-0.17524985517236757,4.9243761029653825,-4.054015981286355,-1.604109179590758,4.799377748105712,2.5775964192330836,-2.116156518731515,-3.953800576419713,-0.010176797092310785,-1.7535455926990289,-1.5853399662948404,0.45950058616206846,2.2375894889501495,0.09718179676869454,0.21989114821813072,-4.800653888388978,0.05561907968884228,1.6314312817073287
4.3857616531127555,0.01778507072254598,-1.5217346444267648,-2.89671036761082,-1.605387972394869,-4.006062350518249,0.6601203342975719,-0.3372773945772298,-0.056445369347072116,-2.9633343211465837,-3.1878330999377953,0.15121225158613782,3.283778913268341,1.5693699396822778,-2.157457078095797,-2.1733300495930163,-3.152309016487921,3.702379877782601,2.927323527382322,-2.5777164564849295,-1.5835024038432182,-3.3731717608698375,3.6193581101763677,-1.6525377782997062,-4.449195350573006,-1.891984201450145,-4.159331041591742,2.345677548234332,0.7702868987213316,4.692206344641145,0.4216753792269614,4.402716697042937,-0.6367703697483869,-4.915511857755613,4.584073917136957,-0.9614312236400488,3.0453863038084314,-4.179719260849263,-2.9208307277687,-2.2814415998300994
-2.175024624564289,-0.9089337624113494,3.544742963319081,-2.3980439789914927,4.569091048191122,4.583037049976605,3.5830117231920813,-4.715653032872416,2.596302271235005,-0.4645710819507958,-1.1400201064165576,0.5907710140521569,-2.9095615375963275,-4.558483259417064,4.4682569763732936,-0.5457743085297331,-4.0632365161011945,-0.29549255575696876,2.7505684481367245,4.0705490247932,-1.6909471987338902,3.781327093899007,0.1576296508874222,2.357885637155462,2.494661236070809,2.459867171066932,0.4387320237512258,1.069904589890161,3.3401883077551027,3.6540831045951094,0.10754585601677658,-2.8933785346327463,3.5902379328229834,3.4575646474792716,-1.802558013390887,-1.051369873026513,-4.320639906204787,-2.438519954486095,-1.702056339642501,-1.110379894603307
-4.106125599163644,1.9441594358310184,1.6106691249337235,-4.07635534365167,-0.11394916068873506,0.028752082327732076,-0.47140772594051494,-2.811959926357986,3.041529683294348,-1.1974371150678058,-2.1382091884087235,-1.5423045713391383,2.243689255829903,4.190014291816244,-4.973498954296679,-2.632396435080862,-4.329602904258964,-3.5466794973114273,0.6873705658392906,-3.1139882475552128,1.989536908243151,-0.1692003395409989,-4.4085323600026065,4.199763775129146,-2.1450227149297336,0.7746840781033875,3.3663512032170324,-0.5741627493754189,-0.665325080169727,-0.9894365632101936,-1.4010866803557014,4.183374172908552,-3.7993018685395032,-4.9811006049013455,-1.5403344203768543,-4.597688800471804,-2.983964663285515,4.040887129122003,3.137582502076853,-0.9687226821095507
1.1819321338883313,2.7669041259839737,3.9515017824244794,-2.481308148233372,1.1647526022361223,-4.460647035203805,3.847227618431507,3.9101366550970535,-4.150230948080159,-1.4469913704891173,-0.4357415664244275,0.695708269299157,-3.2387535160803216,-4.624737352341664,4.359320363123345,-2.1299808554977364,0.8802396677090298,-4.49929341348554,-1.4950014140623806,-2.320379348141599,-0.5269149902268175,-0.8449484075668039,-0.49076648587201177,4.172388438523857,-0.5486019726308538,2.7257114113445455,-4.923521876556044,-0.5293274213151555,2.39309656437365,4.192043806849867,2.3381812362314918,1.7279875223813024,2.2989993429138327,1.6540397870194834,-2.531552839810101,-3.767299074784538,-4.545391565924693,2.4149930850598835,0.5993362929538604,2.8230719833367797
2.688096806618124,-1.7968135167347379,-3.9129888604317564,-0.5971761673946681,0.9499644149993189,2.129821852103171,0.5679046547817119,-2.162038914473745,-1.5137822370281833,1.7097909034502168,-4.3808760432163885,-4.139714138655528,-4.25295524426996,-1.2758032579819,4.8363321824446395,-3.342491365914244,-2.7387068866498057,0.6682674934562991,-0.41860575128009714,-0.41697408196512686,-3.7556674241918246,-3.607700361145103,0.24359779354051536,-4.111754645235226,3.569802157085956,-4.001983943389299,4.3714913763722105,0.8846699919339462,0.09362819370715414,-2.2694213565950982,3.850692626824028,-4.807496126815556,-2.4629508262555184,1.0159573846078622,-4.945004006078198,-0.8519114122664622,0.07766760933775352,-4.355294105798968,-3.4999812341190353,3.134577668923612
-2.6086378703183315,-0.6014706548474642,0.3695515465692134,-1.6834660289250127,-0.5773951757167968,0.058172386447297164,-2.093159990784079,4.121029887595634,-0.38106104997078916,-2.0222207363854934,2.2356927462353324,-3.5211197414048714,-0.842762035306782,4.881950036576811,-1.8426452174704995,4.838401058576908,0.7879519567947,4.277478215078366,4.457520484792838,3.1351314854252355,-2.475472661961231,0.5287949874254627,-3.6607196500079997,1.313739410226816,-1.6648317126395415,-2.9053039796890445,-4.7911221073782215,-4.855607077447677,-1.413896272876638,1.1944468106029138,-2.014657083437062,1.3467458541579465,-4.800687615265205,1.1837689502809035,4.35176546872402,-3.796591089258194,-0.49226638219831553,-3.1535123331233894,-4.595346311402936,-3.6836363320076333
-3.683642528027895,-1.1600201209456258,-4.192541078607409,4.676626713320923,4.048743970718439,-1.1302602934305668,-3.7066076638110057,4.239696486571145,-2.4325006675201144,-3.375810699680982,3.6611862858386566,3.1913763053702517,2.1947173778777866,-2.9777335048456086,4.790058336379076,4.588163884627068,0.8336851742323956,-0.8263740971882525,2.5810883748279467,0.7964609578287618,-1.0910956469741144,3.226061123335631,-1.8621861165053137,-4.405399926853524,0.03500186600590016,-0.07028227370383355,0.3655301400015398,-3.3508142395125122,2.326020001866018,3.5648367231620544,0.2964373340000428,-0.16033893786554287,-0.8000723944033954,4.577235084278023,-3.3125360218909314,-2.8071628356953062,-3.7743819474109066,1.4040725261282745,-4.763345141649955,0.7445900998971648
0.8763038971069008,-1.8622018990975335,-0.5587755142557072,-0.7219974434498644,0.6343011041596505,0.7844722298698148,2.3766384169815886,4.735594242448753,-2.307308348442109,2.3659562117569806,0.7690432563947267,1.6832371874938001,-3.934637015493741,3.8157642262408835,4.932594201367799,4.488476459343831,-2.2681849822475804,-3.1833034895886323,-4.018594142489979,1.233682235432414,4.4925495509297,1.3299955367112855,-2.622299995375694,-2.4281556471528933,-0.8639697558441952,-4.571888795145289,-1.3573411886547615,-1.030096010532429,-3.6311446361783615,3.786764069904917,2.2625096546020735,-3.1258282151588204,-2.5057666121534434,-3.7634003160619285,4.994293169137137,-4.138314811480607,-0.03509364328499487,-2.972280594773336,-1.6528973907945903,0.3090401871734443
0.7652425275843342,2.6413388063880756,4.109156844334667,1.1774834174829358,2.676164673273437,3.1666025628966405,4.050975051960627,0.5100561762275992,-1.3064768871881633,4.327102361958685,3.580084640079722,2.5468534525205406,1.917058814751929,-1.359263126289135,3.6182260107663673,-1.9177053754995277,-0.6180751032584348,-3.6576519678090795,-1.2324031745920938,2.766437624622311,-2.305801256888664,0.32226223949857324,1.4051025667361667,4.652617988672198,3.4499171564762268,-3.4840139378565125,-4.4904722004898305,0.9863424600886326,4.010816090823752,-1.9456901091445,-1.1488723031873431,-1.342836621570091,1.1443614229258525,0.03482332809408817,3.294534915096751,-4.886490891950515,-4.558113662860551,3.284375651999973,-2.1611059704598956,2.468994833865409
-0.23857003363659857,1.9044950988025882,-3.952612238708265,-1.8159584880888775,1.0620851310001003,-2.0956181223300794,0.9206974860830242,-3.48989627868247,-3.1880780009440532,3.8403842446465433,-2.034435770963834,3.685114868012386,-3.4299218060671923,2.368366406253612,1.3354402851138492,-1.7064715055916615,-2.1080095766505185,4.653545376710834,-3.673791110790763,-4.601537733673723,-2.1797461451076643,2.808667851961342,4.054466147678827,-1.7753830611786832,-4.33619533229171,-0.4308394268299329,-2.4037262300706743,-0.38534577315607965,-1.7287608027617445,3.20642801911038,-0.9410676872054005,0.49269873644400874,1.4323524987323246,3.601164097157346,2.663073852620097,-4.705078362997267,4.462709547243767,-0.8589649072352561,3.5640898732299533,-0.9382179268747866
-2.973441015645736,4.651618108338052,3.4741119562652205,0.19656331378635006,-1.1824338073049323,-0.950453428772148,0.0416224878311553,4.695437537501736,-3.417732689164983,2.6716031243688256,3.8678655643392865,0.3301305558399328,-1.2089893253086763,2.826232179137291,-4.37771688543452,4.506466690622409,-0.11890551598978849,3.2079847109788258,1.2125828908265746,-0.36142510052371524,3.7241468646522904,-0.8645534193810889,3.741207931206974,-2.568093435610594,2.40729527542181,0.8186537437742132,0.8053712272259252,4.41537852935369,-3.172205269379388,2.7977382771197963,-3.2633848068838414,2.741290935234102,-0.671130595168016,-3.692305245983674,-1.1689759003051399,-2.2644996985462873,4.312446990086013,3.971970092397383,0.3009875060357139,-3.988630958033178
1.8668188245015305,-0.29855677493093236,-1.4538953410484465,1.279311227822899,-3.3672417245678608,-4.407000448290655,-1.261420792330159,-1.0167234165111716,-2.8862673981047187,-4.2298268282515,3.9115973075743167,3.027564126236925,-4.546210452801218,2.989403007273461,-1.7626729612952223,3.739311041609099,1.6091536881428326,1.9302739540828773,-1.2541245453422176,4.008428051714446,-1.9384954347183356,4.350931160424826,2.215176057855899,1.5495997368556136,-3.3653819675695162,-2.277283685532543,-1.4053595559922494,2.782591583165247,-4.209890669368571,1.3657588949063069,-4.75157988887098,-4.105562767487264,-0.055792139337710545,-1.1029507090392294,0.11054116668693847,-0.9482100152807229,-4.802599104356885,3.751676624063533,2.329114504836614,0.9020648936945355
-4.597210984275248,0.6784305187003614,4.807598272167052,3.2984184788121667,-4.219102040212784,-2.1362067585732643,0.09764019608182384,1.264306212419914,-2.3955513256116556,3.710721245438812,3.480141248065733,-2.9030628360477237,-4.294449411610307,-4.1557448443991944,4.0748468040993195,2.4951949574746024,-2.4407073513775845,3.5255171983628895,-4.274602044543523,-1.054136952070956,4.224855951724079,3.573333743792391,-1.42911411472463,-0.047398734035200896,0.8441056845211579,-3.1399048573219748,1.6375896313883178,0.29223258097347937,-1.6472554627976321,-1.368672130514013,4.38758353634387,-4.826032658275471,1.8661761594055086,1.2200033477889738,-0.11443046919060951,1.27711615788,0.628515118094076,3.399438789543481,-4.324633070600705,0.0737461037199143
-2.170818433121527,-2.350181245949356,1.3831913177331927,0.5396575369621086,3.3269982568995076,-0.26670008127933365,0.46058832864412835,-4.517449879258155,-3.883643551157488,0.532042293873916,2.4701403072036925,-4.418881173525731,3.898068305695986,1.3748462765170801,3.0505621778869756,-0.03162355639685721,-1.1086489656974807,-3.998760098425202,3.887581344332604,4.840549101268923,3.3561902707297655,4.87269810250185,3.9161621354594605,-2.3304565133890156,-1.1938741277941456,-4.618142348122032,0.37713371689521225,2.0575734145570834,-1.3274225854878354,-3.918218929671032,-0.0316764350639307,-3.964061843442062,1.3433416774230178,-0.0894545665079125,-4.108791062133062,-3.8738042342976384,-3.1299222101104847,0.9376423522480888,4.806016883037202,2.3322160334665494
-0.048383577151059676,1.6812442699274648,-2.729589320487162,4.021616601563569,-4.263881297240104,-3.8087089221398367,-3.21573099274305,4.401037674451873,-3.437034473647921,0.7594616685112427,0.20469053685081118,1.6019076470872733,3.6140427652152702,-0.9642819816424133,-0.014872405879452266,4.766404026085215,-1.0002235259352004,-2.662423814000226,2.6912685345828535,-1.6585471983361884,-3.6714655159927823,4.032230911594949,0.40274475714260927,3.2588922870118804,4.306820206358713,3.4493697494874844,-4.379413522125812,-1.2820417517305538,-0.05812953695740308,-4.011171043186933,3.6194160445654386,1.9796656454328456,4.557129373927024,-0.1360123014981518,-2.730583708208298,0.23003955360891926,1.793637915327583,-3.755714612713139,-3.0740386024932915,-2.5099616102408757
4.62066548076551,-0.830277086233461,-4.63306274966801,0.3111775687344762,1.7838382262302552,0.4690520649026144,-3.0200186488117593,4.184026347380517,-3.752946345207312,-3.578421757260448,0.08309073015792912,4.899213306464706,-0.2590390017546671,1.9785161063298107,4.273260267017413,-2.2803739221455883,-1.9059764445028877,-3.03537484941043,4.885178577138355,0.4787056574946327,2.976015312946995,-2.5518619205574615,1.9817289336337138,-2.201149023299274,4.044767604480748,0.49146965579535795,-4.8885397582584424,0.32769147327940207,-0.9155043931535705,-2.5797772558297614,-0.07870200318036158,4.216624368743743,4.921697121117955,3.2506626895266884,2.808105357000289,3.0943645935451265,3.4381154715361166,-3.346968033280551,-0.42844722065857965,0.25604288568859435
-1.1380969005368442,-2.6214537336385075,-1.7039889325666397,4.725959133625876,-1.9910795886123225,1.120818746691521,4.661482795886036,2.2653824519428127,2.463440073359326,2.685837813331302,2.8757159115174495,-2.7456713826344386,-3.1653397125587945,4.316028322636457,-2.0848555962554483,-4.806378764899035,4.0343692959105955,0.17225948752343,-2.656918937472538,-3.1359011222673567,-2.367647808678795,3.079802712605378,-2.307872114937768,-1.5871073208918447,-1.443929671788573,-2.4552302692500283,3.5742170291276416,-4.6281707425287255,-1.882810699118651,0.9498145162947971,-0.21082623846061033,-1.0481005683520674,4.253747088732791,-0.6331316560263058,-1.5651549794521076,-1.1827392607311786,-0.06528309721757353,-4.12726533230291,1.440746288528456,4.808225257351154
4.902531947197158,-4.628116937509822,-0.9242434175759087,-1.8416739113159108,-4.390316652540701,1.62859945962704,-1.3192152203846188,0.2729341003102279,-2.996429008812637,4.701617644285751,4.774261544384636,4.288711946876946,-0.15513540371380152,2.0538974075790675,-4.215391096981047,-2.082007349907009,2.8475316576286307,-1.937844060140093,3.1917708750425735,1.5399840871898451,0.8878892121539081,1.6382322307523678,-1.8830013642156822,4.727231747383588,-2.322215009378834,0.7975030738530613,-1.2891075950211834,-1.5982779098723272,-0.5763553128411534,-2.7483453720578686,-4.266820344412054,4.665997164182446,-2.244193317284802,4.367186985118149,-3.8209567169366876,1.170082305192536,-1.9160637346171718,4.514495137963706,0.20074452119724207,-0.40570978303022454
-1.6296511761257881,4.353374782790407,-0.665795709839367,-2.8266827377038046,0.5364315547214549,-4.979349064980678,-4.725981456416055,-1.4970037905168176,-4.58936308920929,0.6618352734013797,-1.4770804952499441,0.2672009373379689,-3.5201631427598072,2.3235766519603205,1.118686048424907,-2.445162130616575,4.128522349856334,2.4744976151811766,-2.4595423397088028,1.6191638884962956,3.818469001174524,-4.940593119834212,-1.4091207433524513,-4.6061857256620415,0.7185031683255367,1.882496262436245,1.2999313985262306,3.107775083138158,4.139090713586587,-1.448029062518303,-3.2234440640009776,-2.934791597948467,-2.0581365917278323,-3.7208104382062803,0.211522710582857,-2.658686558521582,-3.438245138288819,-0.6498068753423745,-0.827660980465156,2.5114706662968036
1.9944139928760052,4.678262016043826,-4.368672559438084,-2.6392882781453975,-1.0441986675941073,4.062567908290202,2.017603459896872,1.0686460640393447,-3.5566629521093702,-2.570469516996363,-0.6470359804112231,0.7267051722142304,2.3022888935396075,4.342371060067581,-1.7759568032607156,-1.6923485088797836,-3.144604526657061,4.271796035070016,-2.8683788616279884,2.4347969341427405,-3.7355161798023215,0.47309551766370816,2.1189574467562613,-2.1227637111941844,-1.1460186087526387,4.868784756917178,-2.427784295725221,-4.053388981165142,1.1975342887698375,0.6480122101314043,-1.9475305066518804,3.24199618804046,-4.190321405797367,-1.4149293779276024,3.4614356889660165,1.2505734167469038,4.746625529497464,-1.5242558851226518,0.23069812757133956,3.2721576594095545
4.740019985239339,-1.1258276815300299,3.746790980116817,-1.272805438482898,3.2306358181236465,1.8564185635692452,3.063413798725353,-2.693566364306541,-1.7165356042075643,2.323449954725941,1.7199642906108785,2.7203827689690874,-3.1295486652721918,1.8901103013523013,-2.269402475651512,-3.1444031416929774,-0.47487367474642017,1.9244796547875263,1.6967928448574865,-2.601758784457275,0.31341552867471556,3.72502063915376,-3.8690273969314335,-4.937319719015024,-4.041755597866448,-1.1840918060691252,-0.5726194366999584,0.8710223696987942,2.2896062476011387,3.886265382895436,1.935297898576839,4.778194608437037,1.5868654038586136,-3.9900305494734356,2.8564772548077597,2.824489267518535,-2.845662477790997,2.4980536379654037,2.804479764633818,0.4718956736249833
-2.666641743430172,1.3695272405101626,-2.0412730411231146,-3.3380695805302603,-4.797313349635775,-3.2757866199358716,-0.9455753821019837,3.083442244770616,4.724410907661632,1.999678897301708,-4.706773209173838,3.950593554145726,1.3942646691898641,3.2080780447067987,-1.2531982845366136,-4.080987497577148,3.446484700906886,1.8244000571421415,3.8295280781793704,-4.369440264193841,-0.3010886534963193,-2.63840619330671,4.289381610112773,-1.4320970857658786,4.28635944627205,-0.7983495258087316,0.5969046799024831,0.43222566623980185,-0.6274851094006122,-3.6008028560373484,3.283999109108425,3.837446653810673,-1.2761099999602536,2.282414314836128,-0.45924146211738304,0.8235219700909768,-3.5584353999738205,-0.48119776431504135,1.987184293109169,-3.1857422952438172
4.965744136937673,4.60556975409208,4.1545448044997855,-4.018455161357263,-3.347906767837894,-1.0633043789835046,-1.7984533216877252,0.5890486151751109,3.2311366579542273,3.578204062464623,0.8773272486113148,-3.536221692133746,-1.3061544384493602,0.5289866526933462,3.7380065505824636,2.603095557354952,-2.7854931747873133,0.8174248008471805,4.390761859580202,2.016093901843946,-4.84382144222872,-1.5614378169504657,-4.506605896657488,-3.143829821579515,-3.08113036595469,-0.2453134202537406,-2.908154713478933,-0.04400183317752049,-2.7998192692782222,3.461343773871544,1.6173283787013588,-4.947063974841577,-0.9784298551833643,0.38481860827499403,-0.7213248186852965,0.38821742259406733,-2.4169208153162263,-3.416150978243496,-3.650143948147668,1.2081425516523918
0.23147859485396527,-3.060640240736992,-2.3102983677550033,-2.190695412358199,1.4135586462093999,-4.1464112141560125,-1.7086776380475364,2.0554312193000657,0.005983434819301081,2.5011951301801503,4.4225404700826125,3.2605087043341943,-2.8273006818621345,2.506319270702244,-3.1256646422493186,4.651426366124037,3.5245575080189457,-0.5381801765261205,-2.6236435516910515,0.8274173306096921,3.831059986047915,-2.112983162291755,0.5131071171243553,-1.2775298775953594,4.159523050935491,-0.9881180260197828,-4.865296491737935,-1.460333494530237,2.805168541536652,2.670706933005831,-4.943113074099142,3.867636079504443,-3.0832541576102557,2.326881741357889,2.699259771649995,-0.9991196081471818,1.6780182430720725,2.843152542893879,2.6995373067792467,-1.3522483276472164
-4.33796965420648,-0.49589704484654185,1.9615898746928648,-4.420253465148381,-4.619129293925037,1.8824367127826127,2.7130861871353744,0.8530930719273684,-2.142915972634505,-3.153383074068979,-3.3975935929863557,3.1298273681915845,4.552246533271758,-0.33551550105471684,-1.5315070262450758,4.691193516973168,-2.278361692700217,-4.835911432556886,1.8071680696673722,-0.5473094030920294,1.1838769423538986,1.2139196879837657,2.618985278422169,3.3867462326115927,0.8175411452607779,2.107016440346289,1.7405214378612852,4.105673640724621,-1.2244087844621432,3.805665622404412,4.36126856742208,-2.9804560438097094,-1.7178433829290696,0.9045485355137615,3.190174262110144,-0.5243845625568024,-1.856668136643492,-1.877574095664361,2.8395550459184795,3.044881586895068
-2.772877980724643,4.775618602440309,4.485088776708547,3.931264625225108,4.659633286831884,3.3002232253703596,-2.433292217816629,-0.8059191134879997,0.8887124921721457,-4.068603559540051,0.8281809919359606,-1.7950972156485534,0.0757828422121074,3.0827221152833637,-3.5302934602576297,0.9161732627976544,2.965870521717103,0.5168336956362074,-4.394101261391847,-4.416753017399812,4.694032366193525,1.9046463836577328,1.7219835321734012,-4.214869736879818,0.1023784099032854,1.3583626757318648,-3.834872239121892,1.2501817334211305,4.888825540156196,-1.424027809651057,1.3034982085986746,1.435402649093028,-3.4649301532340626,3.3083914046026113,-1.0635845588273614,-1.5186282524435764,1.7337452958857993,-0.5273720047992612,-2.6332395511224687,1.2913275177808998
-2.3793749845241976,3.0687616116653054,-1.7864303133083115,-1.0755828977075055,-2.208597419903371,-1.5148608784457318,-4.758487219390604,-3.440710795505608,-4.306662682256059,-3.727456534682597,1.0439867165479253,-2.1541248028724036,0.18435586406733862,0.4454512283938383,3.907332475405722,-3.837816431552761,4.882951951448749,-3.3633374922998027,2.2662771574437093,1.0556821652928638,-3.5748964381009163,2.0998059126029966,0.837750998420475,-1.701699956354263,-3.308624784350879,-2.8618627319411543,1.379649541726863,1.44201168203268,0.694782907782657,4.9961234065676265,0.9241663022416491,4.7038124365849185,-4.877276288624548,-1.4907265297607046,1.1405887591324166,4.503999823450375,-3.866514387932786,1.9570510024957546,2.7878151214165374,-0.5772181620874299
3.1987382302584635,-0.5397069606254385,4.001881108755654,0.6853710565002125,-1.4166783004816907,3.5212941665997572,-3.697082867369322,-3.452892515992644,3.527645929494085,-2.179532477223945,0.49124202698706476,0.55480909338924,1.1038887456138688,-1.1141146847954793,3.142791053677618,-1.9914484747414485,3.251958129277428,-3.2399158907562216,-4.5536116753860245,0.9973992893429173,3.1299374641383295,0.3856360128237588,2.0667009473137465,4.231756104411129,-4.905473530928919,-3.0122960863763684,2.2504193783111193,-0.6497230176155995,-2.6866126132947254,2.438087133186019,0.6736763952235956,-0.9192313668068,3.545472965024871,-1.36306356811036,-0.39753246595607994,4.638144327155661,4.591694712807001,-3.008508741363109,3.982011917333976,3.7320165432202828
2.1869784771777194,-3.533858251893982,-4.148941697165009,-2.414528846170673,-2.5438731473669347,0.9727885110354944,4.67694166952535,-0.5697637972725875,-3.270511018543512,-0.567131583406435,1.3259641809196037,0.4675654638310487,3.416052215036924,-0.7268671995025517,2.445614734735586,0.5164306339998594,3.6521236829909647,-0.4872178969857748,4.064510511424951,2.2667528027985355,-4.577083870555892,-4.344242744383063,-1.3101128095426677,-0.6263636205900678,-1.2773591864754885,-3.718397459890065,4.926197022604871,-2.0477954768176048,-3.81540659162464,-0.4517504614387171,0.3255553736891761,2.4570184061066147,2.989763505446506,4.6347286108714325,-4.637066563921328,-2.9243901757594633,-1.7592554938214717,4.395421430558695,2.04242636682181,-2.229344251847227
2.527212330184372,1.7850813833886479,-3.0903399353466896,-0.2410437700246586,3.70567421971697,-4.834894993542347,-4.082111914179835,-4.043293322690735,4.952189603812794,3.796761954394414,-4.086858762071298,1.7604225917526204,2.59553437202862,2.9113322520393234,-0.4763540859904154,2.3423459199109145,1.7496108966842039,0.9996473581766274,-1.0656384559023606,3.723261113527883,0.45399997709855633,-2.8475542506786438,3.3338235527371722,2.1309512151007235,2.516269391164423,1.9995527795913537,0.8401935589145193,-4.977946304566132,-2.3059982207022847,2.704339718247776,-0.4118721776992418,-0.4220987125980864,-3.1447462885572124,1.4088220465092558,-4.0814322443423325,-3.308224980609304,0.28489069840378534,-1.8597837609408092,-4.1601814856656585,-1.5158515503688639
-1.005473997860606,4.839473207203804,0.6575496156190184,3.4454104073492715,4.604260420770988,-1.2501379568803324,2.5259692531841296,3.429385788827741,-2.3710986100583735,3.1972723873137845,-1.7919289066422568,3.7754006905233712,2.651129975824408,-4.0123188008769315,3.0028372798553775,0.6397724308575592,2.118240675240929,-1.9871067818202692,-2.8293140757680595,-0.7053553702334661,-3.417941397049768,-0.08416555780578605,0.693961578589195,-2.7239365970794474,-2.744093808972478,-1.1115885581786196,-2.111241833579669,-3.939745777260307,2.663629126686482,-1.4549802153585039,4.467032729618335,3.774434902847821,-0.41052594376127516,-1.6512467072061652,-2.45002834480409,3.4530134993505275,-2.345562991760607,1.9922722986234422,-2.767621319331408,4.628681046983086
-0.2557938789700307,4.584484677500351,0.3322888568468718,-4.739935463790453,-1.9474103385577317,1.3932470268886465,0.33542886622297896,0.09555907789840834,1.006641557584187,0.9656985928722497,3.986254065417393,0.7854535728746539,3.510967195727096,0.2537335565543133,-3.2569874898834525,2.1363571252155014,-0.3516844430845678,-3.254689342564878,1.3986349420398758,4.644944608201264,-0.7629223703784236,-4.739078819191976,-2.725550044105341,2.2532756172909174,-2.593520548115126,4.630542553141874,-2.997583405802481,-4.141530728157966,-1.816347635070839,3.0860323809749044,-4.320673823451101,-4.546442818196828,-0.3463218575048268,-3.090406844892312,-4.886560475009868,-2.128634735323931,0.7646018574048208,-3.838333375981221,2.5118839243940467,4.968754641022807
1.630684955460663,2.039190689658616,0.6104702014534258,-4.221444759952725,3.8779816982775532,-3.1005715973946706,1.0755490346518606,-1.3472717251901019,-4.464228259933285,2.5909425407451856,-2.5639111590127426,2.2054358481448784,4.28161949545858,-4.497545289139416,4.123160604089355,3.107706808159918,-1.8016321530523491,0.37870388334888094,-3.0955572662581146,-2.385047994367386,-4.778400597624399,-4.569330413148055,2.9830560273260653,-0.48500423691504047,-4.965930719579582,2.519162358817585,-4.825714054665737,3.9260753245499345,1.4045311161974965,0.3270260085468699,3.7804914297350063,-0.06752788079095673,0.160292516916531,1.730675399355328,-2.028248761943787,1.323341331020707,2.4502946759294577,0.6882099672770883,3.46510302665361,0.7821579137565093
-1.3517416095160768,-0.6368163344071807,0.8710250702281286,3.6950233779257236,-2.228154571711751,-2.4539110352044133,-3.3162480316883327,0.2827383711578406,-1.278303288669286,0.48071176596537146,-2.7653140170494823,-1.8654684316644348,3.677900799826089,3.6214522377208276,1.8535632853096073,-3.487845834164057,3.4826882464996807,-4.448976896384227,-0.09348178585686906,-2.085842117287227,0.36235064033897935,-2.7640128438068876,2.5961367840558474,-3.2192350498456914,3.1097753128258336,4.7398686643649555,-4.464813190147908,2.63835897797901,-3.4321782218319274,-1.5027719521282963,-4.813645815015407,1.295117473412505,1.6423722258392708,2.8682230636894612,1.1003601107021277,3.117286557346855,-3.5910082810642923,-3.2094012765663305,-2.35380970776972,2.760718930961109
-4.287260747671874,4.2564536298154625,2.153191579491386,-2.2312252400089077,1.8714384047674582,-2.0272063292719844,-4.14395079587217,-4.131896541425021,-3.3001680211028583,2.058945931429456,2.2117242857456265,-0.737762551350297,1.2654615769291544,4.757446409830536,4.275531343635986,-1.5166842607458388,0.08456452800394221,3.825837405453999,4.870268738642633,-0.13558001462259917,-3.6280214706832368,-3.6523089788393306,-3.509064523602232,-1.1248063277267883,-1.0453612282652736,-0.1800354239469364,-2.064860936793754,-3.114953301594028,-2.398141199549893,4.41408896393691,1.712506450893554,-4.207381793339253,0.9910803351518984,0.7451036149227788,3.7801524974975003,-0.6656381462203793,-1.4298852744585067,0.8429965460630795,-2.308691745537997,-2.9217227241733204
1.0911129520435807,-1.3992541704072807,-2.3321569457354103,-2.6023819959540146,3.6689622426757857,-3.8673652447580524,2.986586433597875,-1.775927375920153,-3.2834233346996653,-1.4823871802288835,4.711937114596086,3.0862473531459003,-2.2131183191658503,-4.878622350474118,-1.037222535189533,2.1099758775347146,-2.825109946707984,-0.10655634659867275,-4.436698802306348,-4.38375177213171,2.1782934314128246,4.951847272195183,-2.8417245602427474,-3.4910650867213753,-3.9545287066086625,3.281028019547204,-0.16748909196908546,-4.2888170392991745,3.460445760595803,0.8473893497361287,-3.395995124932252,0.886887909034602,-2.1691102757787495,3.4444633071512207,-1.2109279391965657,1.422370666454194,0.4182323587118342,-1.6081785176653711,-0.3501641741535444,-0.8028136708661666
-1.8145872876334597,4.126019892706774,1.826743764854326,-1.5636361496864386,4.984829364659088,3.9530429962322913,1.0204755795182834,-3.650451834708911,3.099712590184179,2.0468595075266496,1.1489558400132687,-2.9660925140997145,-3.9859498554625925,-3.3137718287746845,-1.6298682856187692,-4.950931642241091,1.4785214630332666,-1.3614548424796213,-0.8184980866931593,1.6618611662519198,4.611098780832858,3.5754468943218694,1.5969446847373616,0.10389861702721248,-0.09736705439912097,3.077920336911607,0.4575411004677985,-4.620098711986146,0.6122747075675496,-1.5439235619561749,-4.452219501562644,-0.02152205076432523,-2.632013937815581,4.1981091712935275,1.0995164623123266,3.2271229051731254,-3.8441931067281248,1.792075148465794,-4.88324991499498,4.02319170230507
-4.568695799825807,1.6590225893972494,-2.8199867394684084,0.41651211761402607,-2.0984311280481904,2.558660700678786,2.796262503275665,0.15972950754331716,-3.6906817537194705,-4.124147041759633,-3.9548892750505473,-3.0427032467215285,0.2612197705295536,2.872834019535148,2.1113637488846946,1.6326493016957313,-2.3977542009500468,-3.90603269624429,-2.308784179172407,0.4193655564451193,4.170935453322363,0.09870113050166118,-0.6314551317784725,-1.4698993641740445,2.751143705607503,-3.965614068549496,2.9183127377790195,-2.5293451526493866,4.35965055917597,-3.488355342336363,-1.2821657575501022,4.290136053938685,3.4474551128074093,-4.838389379587441,-1.6132889430224773,0.050301736039820355,2.8509131817893945,-0.7196040993000494,4.898886930888825,-2.825299700682206
4.930221697496627,2.861246113654663,-1.8814308617536057,1.9182172032287461,-0.2668504233076856,3.337854520752245,-4.580800899618644,-2.111800095471369,-1.9406539697027925,-4.418596730987137,-0.7210287420548331,-1.1808258353986822,-3.917521168898351,4.775019605982646,-0.20442100107994943,-0.29737619415034544,-3.122855489220754,-2.6159049868753623,1.5053903229740513,-0.681010360611273,-4.087271400915061,-2.8698836394837866,4.466635816876645,1.5681789098923984,-3.910527083118364,3.64886962750232,-0.019370422377492424,-4.74937561235131,-0.4007362579040876,-0.26633977595539093,0.087126896362272,3.041603181869025,3.741881969149926,0.21271456455448234,-0.8708254549414249,4.895029559861072,-2.3102362623195205,3.0313643281249973,-4.343518804223854,4.464069705021412
-2.6833557666221317,0.9888635098101064,-1.306563715685411,1.656346178064405,2.0553504828588576,1.8292131810669936,-3.9231884348342523,1.3887722774440912,0.3324820698892914,3.2388782234074203,-4.886770551025499,-0.4316451774345502,-3.9546356555450237,3.157849078360547,1.2377005933428524,3.511833959885001,-1.8570996194706941,3.341798291801947,-3.560245565252706,-4.444606009726366,-4.769936763254761,0.7957995678344432,0.20170521117884022,-3.9200255515009137,2.050600093006012,2.225922010904884,-3.018494204520537,3.889620858092183,3.709260754730524,2.4664474906235023,4.663100063683888,0.08885337862119869,-1.5517968552918546,1.1135973877633445,4.439704837402891,-4.257474435350964,-0.7534920242728118,-1.534421033673599,-1.5458485751624536,-1.409648023086186
3.201455097587436,-4.599581759250333,-0.8806829451618983,3.7739338103298223,-3.160900409590141,3.265603759157562,-1.3710799153393367,-1.661268280079252,-0.7180548605074772,0.524869813376676,-2.268450976779073,-4.819191382389432,0.7637154685323475,-2.863037621897349,-1.1593706766278289,4.552005016150677,-1.5319127958049976,3.8727573524502965,-0.536527936155097,0.10085440001703727,2.5027613801941886,-2.5238416647812456,4.848981682383327,-4.172587832965219,3.817374561319827,-2.563095067501979,3.5271357353419237,2.6715695662054983,4.307614818754534,4.391077851780761,1.2468775881821355,-4.783713518859399,-4.215916570742203,-0.4876190102824607,-1.1017472166793771,-0.9007139806855733,-1.9724161917690157,-3.2555625557384067,-0.5042280397183747,-1.2129482849657824
3.9147462364545795,0.23843582855542422,-1.2909375752123378,-0.8234749693061367,0.1649588457672131,-1.8240707361974104,-4.468947443933139,-4.901006739649402,2.3141634834849745,-0.8735006133589271,4.016353412424479,3.5055812159296718,-4.9445022127741645,0.1645806769135314,1.0405476355866652,1.5923767692340878,-1.8439478736364205,-3.217875392568084,-2.107429137710511,0.7305055200434101,-0.007127187235508536,3.897864910036988,4.812564422253949,-1.502252150020873,-0.8250933936793556,-2.928209037998487,-3.898938027452002,-0.8699629913448375,4.730999728623399,-3.0886184871423206,0.9759892584205954,-2.5891838485200567,-3.064076833262983,4.3886601887363135,4.043385357424089,-2.073942357796686,-3.0813557323218843,-3.927222859948043,-3.5078199166706483,3.0656516843127193
-0.11542185273070249,-1.4907557670655258,4.453050014604646,0.9105674187951918,2.583732743153143,1.0179445313441535,0.9505481315867499,1.1848973424575737,-4.109115230224933,2.020527560437965,-1.0829967143768555,3.0099179913847287,4.757101597174577,-3.378554880574468,1.4116260226949855,2.6565480424431502,-4.878932817849528,4.080360253000233,-2.6762750772610224,-0.5170281216244375,-4.931387846801118,-1.7295295159855377,-0.33003305525582594,-1.184925156804045,-1.798430697128215,3.5760739651028377,-2.751560567383567,0.12538763359166083,-1.8417128089377521,3.0216736272300846,-2.9135994756805634,-3.2635820224028746,4.31746618564172,-3.6098867247169526,-1.365553123405825,-4.439145663022905,0.46038439364172756,-3.8631594150746387,-4.787866989196942,2.38393120402476
0.36136744919907837,-3.111939574772162,-1.096190395552096,3.804682168315214,-3.6679015517651443,3.2778226873919323,-3.4645847122179996,2.088194946901024,4.302227490025478,-4.844957891316967,-0.7839096980016516,-4.754633750698178,1.6857582401924498,-2.7331745218063928,-3.592072020170739,-2.352931464999053,1.229638848503071,0.82530336193157,-3.1323674277109443,0.6721465040254291,0.1794537015151807,2.3389494508727076,3.983372577424637,1.7433986018109104,-2.912058860144836,3.6166628672255676,3.1019278931052554,4.812748798766684,-3.6238257395582547,-3.531239570520722,1.5636579316016412,1.5329883255128607,4.799520440637803,-0.21283690375432052,3.3700484395481105,0.283497043758409,-1.2295038606863358,-1.2353707655214166,-2.963911220711773,-0.6478932192997338
0.4398657723715429,-2.7856992773507914,3.5778854219805147,3.0035385205560026,1.9137109764060343,-0.23950480744033342,-3.812785738158193,4.04861039605629,3.25377898787079,-2.4253357518286283,-0.9071098364446044,-3.0708541530334594,1.5545289604950607,4.243441816206989,2.0257966737033364,-0.42204220386414715,-4.6728241446344745,-2.81309699372748,0.262043036617122,4.604539353031514,-3.9797597979688275,-3.7434632240623085,3.972960774784479,1.8082847501415111,-3.122800329302203,0.7148019416976537,-3.3686522346253005,3.0822587167770727,-1.4531138630014473,-3.4508269279441564,-2.3378134703996665,-2.7089355118976464,-4.666835936045366,1.6248734402786136,0.19271394990289537,2.6045093685542238,-0.3308786899969238,0.17250845205890641,4.6715654540984275,3.618868222476209
1.7685844786117002,3.141899206481849,3.187518490797295,2.9312055390737255,-1.6577087195539542,-1.5742473470273133,-4.486850199829199,3.8814231773717562,-2.0853099447750028,-0.3328811988280558,3.945070787787179,-2.095849173094596,-0.053840051801746114,-3.538376020005734,-0.3420759174143999,-0.1341811452634296,1.903171176138696,3.756098698788705,-3.637148388281995,3.3915736347948062,-3.1188012517616066,0.23141651644973038,-3.6431447121426297,-0.02201991740006548,1.5792667346145794,1.4724264763864072,-2.6970885936484708,-2.9622700767570125,-3.7200213915577236,3.3836137733496034,2.456912546587791,-3.5249309110764067,-0.8749898364982371,4.216836610891864,-2.5602461900018993,-4.041639501857988,-3.9371106167976837,2.1617398149824654,2.232251641934088,3.002731265839728
3.980159383485171,3.3874576226633692,-0.11722226421254422,-0.9798947442396155,-3.704800236853962,3.414684502921272,2.203866448239566,3.5174902686224545,0.25956002855713933,1.6110152795648816,-3.069965263095287,1.0050009997083507,-4.322132195592498,3.4014127690309532,0.38464996423865383,-2.2567777952668946,-1.4557519087533684,-1.3152510824705468,2.129350446583331,-4.8304323019734525,3.6880288877432417,4.745972738690366,-1.0023561291795624,0.42688404298700533,3.179799704806923,-4.392387791225744,2.757469142475074,3.6715685615770415,-3.0897042597690385,-4.200179590438548,-0.18788065870888282,-0.2496837671096559,-1.033443754818375,-0.6975968080069013,3.669957436381077,-1.1400058031070874,-4.907440376024223,4.474133203938868,2.36015313399177,1.511601601758045
-3.8357208478887466,2.2799417241895528,-3.6006329196769933,1.115890530075479,-1.7263697035588765,4.652942773963996,-2.868393893071463,-2.7464367632911744,-1.6896268799834062,1.485567155017737,1.1790215964525697,0.7138706943496551,4.834411527101967,-0.7909574277553029,1.7520992754382085,-2.8013945838723755,0.7408316812554983,1.4645803167905402,4.430642987414844,3.1883789595172267,1.2323075102330812,-0.8191599204833375,3.4469304488362837,1.974772807219586,3.7761091760617855,4.273880073620651,4.563154464821137,3.4706119870291303,2.126061120995095,-4.350681678824479,-1.5250873467137542,2.109944010001165,0.1815585752329092,4.81113897738188,0.4347115923102649,-2.0174635194026482,-1.81996945380153,-3.877626815931253,-3.6941995347003043,-1.2810939294150443
3.103809999276791,0.8795463360618738,2.933017423250951,2.4340314385705355,2.9128029968623883,-0.598240044476837,-2.3907844825806794,3.6153205578595795,0.69683291901839,-3.463231050861574,0.33884150713291117,-2.4068598216190464,-4.1299934028839775,-0.7641375500849081,3.8380754417057776,4.9176280058724995,-1.2148699051691314,-1.2337715001132792,4.731855833833604,0.6184844382195198,1.5850444477018542,4.638550433516738,-1.61402979826974,2.493415179517889,-1.5827949536099242,1.0467322138285349,-4.111351463883937,-1.5330429386838436,-4.667736816683011,-1.906462622399978,3.825487890255456,0.7617880129300456,-1.0508617781865808,1.4344254344161271,4.208351078755403,-1.0312756178300053,3.502939537514367,-2.7098079364521674,3.807061300850572,4.82682354802105
-3.918904906692714,-4.222476558523237,4.381111019292195,3.594376792187399,-3.442362147232446,2.010363379404067,2.3639329019245885,4.9156356966013455,0.7327230111639054,3.097607129639515,-2.601989997644505,1.1230009578130726,4.984015212531686,-0.3603141306848041,-0.8433541122592105,-3.1165055534034556,-3.9782386381879418,-1.2705799956310218,-2.994911770198318,0.5048530866736112,-4.143970738914592,-1.2853724595920828,1.025499513741412,-3.8068517019458303,-0.955817118241681,4.882468034902004,2.6875507170120025,-2.2576568158913513,-0.09951259395278544,-2.754752875334253,-1.076403983930259,2.703293808920794,-3.9381412632682617,-1.7674539931542164,2.9687439495134527,-1.2478305870501414,-0.4039109992850989,1.508727708227421,2.754594336684449,-3.7022368981498746
-0.2870963183188904,2.2334093323858486,1.8699209908341814,1.3187870937345227,4.8463873199657375,-3.4346303243771965,-3.9375404689722298,4.54473261960878,-0.9077493851887724,1.1321237332878722,-3.3244389010325968,4.105922981524696,2.1548953608442503,1.0107804912136533,-3.803923080459118,3.532385150319403,4.716053851465292,-1.0937066602925811,-2.4981171227277033,2.097624276488565,0.33351849181270854,-4.618114395633215,-2.0986914925152025,4.314875264898035,-2.074946007608092,3.841882803320143,3.337715268456021,-1.5014539912533142,-0.358154723144648,0.75047839367965,2.48977207001436,3.0019146810244717,1.8129659634097104,4.461150423644652,3.0134753960335043,1.0833006578581452,2.311012671531506,2.2480053922199925,-1.5083945395599958,1.9170956137430037
-1.2349965428551468,-3.565999135806506,3.420808214232437,2.0839610501964545,4.6909585512011525,2.780110772517885,4.30384585016094,-3.536797183062672,-4.999407671043161,-3.3600325333024585,-3.1401117287608438,4.681332096422263,-1.1756442568721277,-1.7675182659590005,-0.5401656255350265,-3.0813687148239044,-3.0117637077249606,1.5923511149862888,-0.6866148470972968,-1.3015581664874376,-0.6650977324758376,3.3076199655141547,4.8958056577987605,-3.421940196280315,-0.48885220671807694,3.2068077864997626,-4.6429667738019695,2.2825047314711258,0.2692376654934563,-0.11543183131802959,1.0460970980904474,-2.070746097168981,-3.516838662840529,0.373411609190625,-4.163548845893117,0.6211528765597016,0.9433324378205405,4.134123964292748,2.638761227483023,2.222631402447063
-3.7445638724236487,-2.8753065477490747,-3.3177519956051347,-2.027981274137721,-3.08234457345798,-0.6999410376222333,0.24969066025997133,4.495789636287457,-3.6036002109529557,-1.6770273290276432,-4.40516146541521,0.6055775600847024,-1.3390281334433727,4.401700885625203,0.7372191424958254,-1.863886671231954,-1.7751012384951483,3.4779829465786207,-4.667815956228633,-2.7997510539618693,2.4048215794817978,-4.5854171492289115,-2.6867198339981284,-3.30315445524793,4.1270825449595865,0.19771577756343195,-0.6859040936350222,-3.7328794333892628,-0.4806239784588353,3.7378235428279343,-3.2840843145512597,-0.6502177972218472,2.965110287666093,1.861842526750742,1.9155198729678276,-2.1517302253652018,-4.985212602968363,-0.19039739599600303,0.19495913152142563,3.7963148996900724
-2.9488673419083358,-0.029888443950826016,1.2352255366637044,0.17142698380087396,0.2940384732526793,-1.1091022847669763,-0.18326091236113307,-4.192401060518359,1.6612561860428157,3.488981235292705,1.909955559287714,4.369858363789694,3.4726389258325963,-0.05963620191798391,0.6031742304995689,4.07666758591512,-4.22165581112126,-4.354031382081593,-0.17305171285029886,4.563047315571877,-3.0975093797811875,2.9979960017227834,0.9188619528281663,2.042664904597724,2.614719689194649,2.6836809299231756,-4.079872299409098,2.974155254175745,4.926992929229209,1.6335826820620882,-1.2094734173720987,1.419105956310581,-2.6571442960636436,3.498033909768182,-3.458134430586806,4.787788403695384,-4.141105466484822,1.6861673571196025,-4.275087883414489,-1.6923121923799158
-1.9391598960350684,2.2142382680910835,-3.1905593785648074,0.36986224298027537,-0.14662090792982596,4.0765279766013975,1.0701243344574687,-0.8620708394341285,-0.02301308276843983,0.21862908293299288,4.792866544782928,1.3572274324821656,-3.2183383767850122,1.7081839387243551,-1.4426055594745124,-1.5838985656622695,4.273709267466568,4.368006707984529,3.6856902741218445,4.429576134708924,-4.959113251852791,-4.912153772576562,1.896755237481793,-3.399364460183805,-3.840298650555469,-4.235349686943531,4.639859783649904,-2.35410082159425,-2.945760350366618,-0.04700147598919546,-4.909872901146099,-3.393169541774245,-0.25368969189254287,-4.3207961057298165,-4.806214444557599,1.1405517176702373,0.10149975131283462,0.7213744590057294,4.2965938421736,-0.27350197330294
1.044379479329609,1.564625391446497,-3.8608239643489886,-0.08008563041103045,-4.486371499165208,4.7570757682374065,-2.5815796027631146,-3.6444577410473937,2.969644857519941,-1.6369362148117843,1.4989661800433485,0.5183274296086848,4.883547884313074,-4.054656758211264,0.7173903085619271,-1.8788466035121947,1.1713087901634687,-1.2832417759640302,-4.8651697606289535,-3.618351191790631,-2.794994300863041,-2.391962659390266,-4.389779721041646,0.6198589446921421,2.188364962409434,-1.785330757799057,-1.7613739856838144,-2.474753464800909,2.6900358890915497,-1.727762450429911,1.2888595524367616,4.944022751578917,-0.7390733080941683,3.5070257811413885,4.004864735015394,-3.1195108070668565,1.6248829658427821,-0.310494203066062,2.162753825744436,-4.690436786694445
0.7173728719685393,3.209730749438304,1.5896854925634756,2.9542791671988065,-4.866672496540117,1.2436792808558081,-2.555672807424005,-0.43685154183966635,0.23825236486774148,-4.885360387579007,0.45628912917379694,-3.089299833799635,1.8235394486000311,2.016999059705224,-3.2994804268299105,0.6597234056784256,-4.558846998454555,-3.728132041590036,-3.6921606415105654,4.688262494041879,-3.4254284410650078,3.497347182844292,-2.383884883931337,0.8486359724764414,3.863699301955945,2.6106452136848404,-0.9407581231893563,-3.25647113855375,1.0989966905203712,1.7214470051274908,-4.5036420543315865,0.47431347299151483,-4.9890339135712845,-4.096367086040263,0.683211262682204,2.5758085493510983,-1.3054678214756246,0.7325355526928776,-2.214158157897153,-3.528193155477034
3.3100575749361134,-0.8964469755978763,-3.7234365742937396,2.6921294920301353,-0.9556645452035539,1.8107427693447313,-2.315276656996252,-4.260935543338647,0.356679303006878,4.900479324598059,4.140572895710704,-2.5829781253813673,-1.1150467657005065,2.5771616132674495,2.4510732160952218,-1.6175612015446337,3.920575973672772,0.3688668408182627,2.066747203466811,4.510915858759974,0.697846439060509,-4.670037670740039,1.8579887156138657,-2.600480057669083,1.9727073375214417,-2.2624073370817284,0.19514892315855992,-4.309216394687126,-2.2333255523777757,4.505372400630106,4.145120188670003,-2.1528627274429564,1.7954365731805968,-1.8381572104542014,-3.4471729689720023,0.6607686136207231,-1.493265601593723,4.350240118008827,-0.09985505934673355,-4.571823440784202
2.8505218359823203,1.3433564234795714,0.1490725660824479,0.849287650081961,4.502206938593012,4.44978436455934,0.5819359299300473,1.917490494938157,4.824773654161609,2.732148897845801,-3.6849391666395186,-3.936193425101862,-0.7875003699427943,1.6795879092270187,-0.2526136222726656,3.068143488500869,3.93645877249182,-0.9692850899814465,-0.25882953750615645,0.04700144787896576,-4.88432583964073,-4.144133189784796,2.9494436588587716,-1.8214063371380451,0.5664048958220711,2.479749370166542,-1.9520418228725482,3.561289114780779,-1.6199643549871534,-0.35761990242815767,-4.657459637370667,3.3277821071523945,4.021168047202973,-2.106141697424385,3.5849841379467495,-4.48554868201048,-0.5938432708505363,2.8106001691348137,4.939769806915436,-2.154064576910739
2.5883776669098113,-4.191936169210322,-1.7415625901800103,-0.9068012834303909,0.09119471736723472,0.5779867027121108,-2.893431190996149,3.1381832267792547,2.0120790677778055,-4.625495386743731,4.911443563548248,1.5819464500820546,-2.983109015540365,-3.7486965814317426,-0.16150202852007833,-0.07283534395367575,-4.081885858840922,-3.597866584820955,-1.0410160764032605,3.115878577802917,2.7483153869034798,1.0230518011053835,0.14430853838194047,-4.899231896032534,-3.5019501196854925,4.4477014539530035,3.7278246924461254,-2.7575855145633033,1.7190067073317081,4.83645629590286,1.850593522867543,-2.6268309562217853,0.5398060749676521,1.9573787912720348,2.7619013259558436,-2.5872230526282776,4.714205145056599,-0.05029773906363921,2.094822645358393,2.151687736675018
-3.4485372972010238,2.545285903308341,3.173929955969939,3.8280121583476117,-1.9563010281777466,-4.59137236994261,3.7787645266923473,-4.486389584685183,2.532201059668112,0.8445013867139375,2.4780756855844635,1.3178603814378747,2.934554558830886,-0.21182692870717545,4.3777197606839025,3.8751070971642694,0.5386320142116325,3.095216124858391,1.4463028055206308,-0.8845387646431782,-3.366323261758488,-3.9622167054598703,-2.0632334282237386,-4.447971593048749,2.876099254070809,3.88488559176157,-3.2722693962544307,1.0280463304438028,-0.979279980763005,-2.2828682907651343,-1.7239151301387752,4.7601094625686855,-4.728836650829739,0.2293036539404696,0.7959310230162986,0.7094154579441199,2.580759712060022,-1.4190566835890337,0.43624911733814997,3.328472367181453
3.518909824304153,2.393466391070125,1.6702149420738905,-3.7609405177491,-1.7776252789110147,-1.5840743201520269,-4.8393112384554025,-2.392776504057817,-0.13204826533289893,-2.738718864956523,4.6995951319319715,-3.923662212540434,0.5962808011839602,-3.2750836667151644,2.9665336778148372,2.6982406570857425,1.1227143856723423,1.7113532967871956,-0.7459279983722711,-1.2276874403638032,4.700640024972188,-1.477525943998939,1.5122471157514425,0.08701532432474934,1.476731756224381,1.7572588496891974,-3.2251652970208564,-0.18654132131789858,-1.4421336534399827,-4.376185594301537,-3.969703956752647,3.078334258354179,1.7054578076236826,-2.9444495395368815,-4.195390215204477,4.359920412954917,4.067812485085735,-3.711661988438773,1.1476787372614954,2.8850977960537616
4.016325118923037,-1.0507566918945699,3.027091968241681,3.2446369375983757,-1.8019591113360214,2.2301392175571717,-0.6210871129544691,1.5305724463462926,4.66810935091531,-4.49928429990836,-3.1239186444856664,-0.3836234417317721,3.9732620384081727,-3.8655476662889106,-3.4426599637424244,1.8424603666746098,-4.515080692923399,1.2460674311096351,0.7707477588804457,-4.548032745427615,-0.9073930895539082,-1.0560510136459227,0.7201220344483348,-3.768452258837002,-2.4483558521751734,-0.6843816441235511,2.7912669356281192,0.3852057114487728,-3.4102081641967192,-4.9247152178613725,-4.829307292424856,-3.427211090907184,-1.085712898360227,-1.8137020163011774,1.858619924756768,-1.9800856161187772,3.07743488277708,-4.911202643590092,-0.8031412251509558,-1.0230012147887746
1.619480537867279,-2.0861531219028553,4.844473655494069,2.456332267814484,0.42876499262463774,3.933914315611343,-3.753548591852029,-3.7846458411108466,-4.149663691148387,0.14483725333627362,-0.6189951469271042,-4.061106831906681,-4.729250772510493,1.8627172535752905,-2.391291112608477,-0.21504289824923006,4.158362940214149,-1.3414924482077346,0.10123916333006111,-2.5737076974650104,-0.8302389160717185,4.9341753613516754,-4.650726280606323,1.6779495733431258,3.9741693597517003,0.04807681117578433,3.1843660734003283,-1.8678481595284602,-3.8555091343561325,0.13354323867334283,2.2114308461942187,3.317268599219375,-3.1229989916923575,-0.4184136076807805,3.6820922678370884,1.7197404149389497,-1.116682384186178,-2.765291453059776,2.0685952863203347,3.9067600433109924
-3.3848183642721006,-3.6480197806913894,3.244164750345689,4.64073757950098,3.588421637045755,0.47681458711058866,-3.146801251625677,-2.1891884779324915,1.5525649393221936,0.08289312603306342,-4.033960719873871,-0.7809677080381148,-3.288822447991568,-3.4922534394157125,0.490749075632408,-1.007943217821575,4.0521104571626765,-2.1205802761702075,-2.448333221453425,3.787543311477318,-4.535864626187921,1.303936085999391,1.6579659607058712,-4.976632814711311,0.8813873521804938,1.8038781143986142,4.015685669656904,-2.9920496812673125,0.712536655818516,0.7887901469465008,-1.0564184412694848,4.889150387651727,-1.743928568575579,-2.772159194420079,-0.2363331281662875,-1.4813789102446866,1.9977232444816062,3.9153077194341552,4.2105827108967375,-2.6936175131150226
2.2515368402198774,4.7548766651666785,-3.466413337616281,0.9719060713391343,2.9536130993312373,-2.809198655188357,-0.3885727264894854,-0.06589436710428309,3.6613405773291667,-0.14198783066848897,-4.666878136392065,1.2407324814261944,-3.0581179024832306,1.6108185860016802,0.3525743105085857,-4.032609658249121,-2.6253493806880575,2.607753567623675,1.100559170437788,-2.9060274477799926,-1.1335708516832774,-4.376715812576237,2.8686070031478614,4.4142248469546495,1.0205416350312246,1.7179407902544792,3.712352257217093,2.7110471540246657,4.079843315487695,-0.8646379081929947,3.345473323613021,3.361909934283476,3.8286417472686516,-4.118711761300139,-3.489407301218189,-1.664413406307708,4.37647484017193,-0.25092564395512884,2.107073700794004,1.4274438342439275
4.790525723725555,3.94319052143414,4.715958705902153,2.5237509490975096,-3.4776777704423,4.640370455342524,-0.8086943372041011,-2.3597358299534426,-4.80586413075722,-0.317795277499064,-2.696423154654925,-0.849106094398099,2.902553819414651,-0.6404461356072861,1.2055159669981963,2.069676462699012,1.57421293332518,2.7466076337940324,-4.151983764356123,-0.9262536890014816,-0.43214591937160396,4.472749556036174,-3.537577073811886,2.7479458435828006,-0.14565139282623818,1.566581867412288,-2.0318641851151815,1.3156673557345826,2.996115730778892,4.164360847675416,-1.454671152861839,3.1889663704054225,-4.291014865833873,4.508141866301816,-0.33382792258895755,4.2895110094300914,-1.6964791489548379,2.6211053174319385,0.7545191473275104,1.622837332293793
3.717367967366643,2.2629394740921533,2.7170196270301927,0.792508878903881,-3.9539897248035327,-0.8543548387685336,0.42336745514344365,-2.6285616516567174,4.982353779284958,0.9901140939386464,2.2741787318869875,-3.1825952521564536,1.238780846067641,1.089508676783284,2.2853878686711484,1.0614246656637718,4.955175338823327,-4.856324031581866,-1.3874999313125058,3.369436262561331,-2.869911278163537,1.3650446202879003,3.5293298249896683,-4.721778498007743,2.9985876953153987,-0.15367992937825736,-1.1028504816960543,1.6967706818670294,2.3550001582438496,-0.7142978931560435,-4.436559965253132,2.8231487141111202,2.9494425235727517,0.9894721461186755,4.910020033966832,3.616632887795383,-3.8814121390249126,-3.2406465029681653,2.259922174655985,1.0029328197739282
-2.22072580670115,3.832680660204698,4.9608436331950205,-3.542004615499156,4.161069510734206,-4.341633452693816,-4.337585358354387,0.2022518784825822,-0.26022483320233647,-2.3831585273625633,-0.33487497719040427,0.8524889932901756,3.985598026292644,3.4478245605239763,-2.745120576549922,1.0347966958231103,-3.225173226917219,2.0387249690719305,-4.076699766011208,-1.1971391937634763,-4.994004435344841,-0.13282035297151396,-3.967582213689555,3.3388794764255447,1.6779705780809362,-2.52120377587443,-4.597598383107941,-2.623693112215613,-4.725946026236159,-1.0430783556547247,-4.677269220039308,0.8660559494186613,-3.5611565537394885,-1.0728576262546774,1.6939004915943645,1.8728584150499579,2.1931590377760823,-0.20917519631511894,-1.3953199815251738,0.4496767679419298
-1.6954185779057895,-1.5800434456984673,-2.077011837971744,0.394573877317967,-0.3656580913337635,0.14154961794834886,-1.295818234563317,3.8601062327271656,4.172421478117018,4.60508594494501,-3.4958933106803824,-0.47844078370560794,3.734856738914891,-4.345311297517261,-0.735711774081115,2.5272987958674875,-0.445028051952713,-4.177491015978998,-4.839487666588936,3.8439828254501123,-2.8015258625332686,4.43704674391325,-3.1767726352708614,4.214909991655453,0.9967041361314131,4.997207524937554,0.020590171593905637,-3.2129197401511926,-0.10615011943767261,-2.842312056409215,-4.185053936425274,-0.5869747371134775,0.24672675353745088,1.69041640731277,4.32941768319359,2.994305248488258,2.8417150234440154,-2.6695028974585533,4.247092930314562,1.1090002509867682
0.09009757322168443,0.467915885951272,0.6984713119351138,-2.816914289773508,-0.3418627704091035,3.2035932385330064,4.994545475448959,2.425262720942153,-0.5702513119582928,-0.49965798153771424,-3.219595296734758,4.001426836081439,2.969669551688198,2.892909904324773,2.669435153111708,-2.9940447214508796,0.4789213046467182,3.4312195554121967,0.7314746239683769,-0.9505691484237708,-2.2293700194398767,-0.78186764796604,3.6406541072755214,-2.862200231387698,3.3251008760057843,-3.860275148720896,3.802332643162911,3.5198117062027094,-0.5346932003503149,-2.4103627873982214,3.572772475825957,-4.562120891667179,3.2970742746066826,0.6504386592032052,4.408001712271423,3.642243372482252,0.546623831280165,-3.2784126183117785,4.435763760137322,-4.7148879853350865
1.457788040102379,4.730511009484639,-0.6321266230487037,3.3187389950699586,3.9685051532997875,-2.9187933426708024,-1.3862952038777094,-3.842390352206326,3.5029645811500245,3.520295538170931,3.79589539408032,-3.2957184757204376,3.8103857766895395,2.770236076656442,0.2294021654732461,-4.443975656162112,-4.951311110364155,-0.32847499264292157,2.9519320985070854,-0.18940320380730924,0.2367161242792557,0.8725958660566224,0.0534566452844496,3.468414181733369,-0.32967665376672883,-2.121633491293675,-3.4389370296787893,-3.0397053213865166,3.2321853027778182,1.7310897880735352,4.527486742148271,2.1935997503297857,4.1298319133829455,1.3663458771284454,1.5652467295059296,-3.985522032105438,-2.5203169914235177,2.7344897361026996,-0.6401081731776683,-1.746015329470978
2.762232482132255,-1.5238949209524657,-3.68018848076989,3.6569226811428575,-2.8046773103205425,-3.665758025767082,-0.4353472425531315,-1.3621103196695024,0.1803635695315995,4.5134394621170255,-1.573848301581397,-4.386178538706781,-1.043393389023736,-0.5065504912650454,-0.8894054579896826,0.41937364330904003,1.379205253668908,-2.9356722707107785,-4.918794403734124,4.154181797024762,-0.23299641473000854,-0.4860838891429893,2.9515189550978445,-2.7462242147396907,-4.193888640211198,1.842822975855678,1.8666101748383204,4.4731085123408665,2.898099533135298,-3.982744507234023,-0.2921457343373648,-2.6538425463847206,-3.7520342795260815,4.0461652761437445,-4.865894545343716,-4.983787803204006,2.9324337600891583,1.1300666776237511,0.7359443222504076,-3.960118136824139
2.416361007262239,-2.694726160719366,2.8612589001030395,1.5875421346439866,0.3823965546968653,-0.44601440645536705,-4.393316604589085,1.5633486949272637,2.213392670781924,0.5899372438452506,-0.8035187425777028,-1.067987171236524,-1.0729522871457013,1.1896573421132874,-4.263403328345239,2.1838231316764487,-4.9268148247932855,-0.6357934734768449,-2.1915774003242205,-1.9859567892216976,4.872074042398374,1.9696229793550524,-1.9551136443191002,4.5721056544612555,3.455400491974455,4.113728595038582,2.960021342385134,-4.766475504065408,0.4395327238265354,3.4081515387490207,-3.180128816327421,2.0914251369301198,-1.6204162803327247,-0.45288291415734516,-4.327144712572142,-2.428827317713771,4.1695856032759195,4.1837182973646385,-3.9317585541599627,1.2520793689868404
0.032109017273487694,0.5939445334174787,0.23760395354844732,-1.062068301902888,-3.602911816003214,-1.6408631516131376,3.2297328886436105,2.5083384883016233,-2.058557050988602,-2.678873397587004,3.8121957787389054,4.511830826952378,-1.8725393131505808,3.3112455335594504,1.4887397892457965,1.762403073307918,-1.041701242061881,-2.8426448140773077,-3.36766382330325,3.810800854562453,4.323878737320857,3.1398971011387715,-4.5886612576874315,3.9121267772988126,-4.29468791295862,-1.591933833808782,0.11383014731823593,-3.1480519693780287,1.4720345261737382,3.929457519390894,0.6412512442475693,4.335779348897887,-2.0950874328884925,-3.153810684378517,-0.9364253826991522,-2.1203829890217367,2.994515617979779,-0.239856322176359,-2.984043889114914,-3.4689334017892994
2.495298186799415,-0.863219703666199,-4.273600463812384,-1.4836837285073248,3.3593571867946856,4.840327910522211,-1.561682613372347,-2.53106384110392,0.1183631971937249,-3.0799072312554756,2.948677896291782,-0.3192889554858498,2.842479636046086,0.9721366803208618,0.522206940409152,4.783104900309278,-1.0544858708127607,-2.055159703151632,-4.179257720691914,-2.4855480955392233,-1.8450733608049692,-2.435254778898962,0.7983947196328947,4.580601735483478,3.2796046200276923,1.5342548287493463,-3.9317492449968534,1.4618767858231463,-2.760660646819238,2.226113103775699,-2.151784405191546,-3.0822548959963774,0.8557239167403177,-4.8600357200513935,-3.767349939780636,0.18980844530079466,-4.827775972540242,2.76098042341137,-3.44340785608786,-2.0874996003014186
-4.608420769362807,-2.9019418494560156,-0.5375637578186883,-3.9454189090680014,3.1898105380773085,3.053968986604133,-2.2786809469853955,-3.3185966075884012,1.4376314797528948,1.926767522257827,4.2725810617264255,-1.2983861711655513,-0.4371441973149919,-0.8429267133336102,2.1511437841427536,-1.2241477259420463,1.7506757939337128,-1.6839143216364727,-4.053267798339261,-2.691226669330263,0.9763954818603242,0.8392868258748534,-2.436889909073198,-0.6093209635135093,-1.1651919149010892,1.2682196908290386,2.0821455336835113,-1.4881822525487949,4.804951056648596,-4.828773690974493,-1.8547949768380345,-0.461323125189427,-4.783837130844276,-0.9552971059092954,2.9916145158902356,3.6727252937123716,2.5645247866479277,-4.930951566188498,-4.908097154592642,-4.379513023132448
-1.2631288774277802,1.5454084151407654,-1.4021889432768049,-0.49878337705269615,2.2391094870610733,2.295951008773798,3.674794402578076,-2.436671111293101,-4.043684822883839,-3.867921755632672,1.5873354366730368,1.381960843925409,-4.560441064727934,-2.18566165282563,4.531681341553856,2.891284277908862,-4.366201404901229,4.753152690884004,1.5893019847237797,-1.5740802368579265,0.09875692721517915,-1.327930783469089,-3.3944460984468936,-0.34490379038807806,2.3654148620751556,-2.0844174359619956,-0.7609374195157512,-2.84929389796703,-0.33709245977174884,-3.7764771052035035,-4.329052971544872,4.231728536355307,1.385921929199374,0.8969857580655614,-3.6591027873098225,2.9267121619655265,-3.188082504894557,2.113360331981177,1.3980432650498296,-4.999292556837051
-4.773745369529191,4.917932280421688,1.8013914520157819,-1.6585474140457261,2.2814699828304272,1.4714769661864366,0.19062178012244146,-0.3227388980912096,-0.18676770897187112,3.6204858098562394,-0.08851741874569541,-0.9430228860427743,-4.418729239302989,-3.633441144159666,-4.922974756490571,3.8124037717945622,-2.668214919745325,-2.6289492146894236,-3.3490248586450555,2.5211668297839784,0.3821386721777795,3.100169295604008,4.759705182470796,-1.9007829530074623,-3.4309051872449166,-4.928385279503325,-0.8913781759691393,2.8605057974282024,1.8372538403128154,-3.625990827355757,2.06309475748688,-0.48118220345128293,1.9977011509110465,-4.569274066141116,-0.8762179564339787,-3.440862131948626,-0.9166848317597323,2.969971988989757,2.8857181819076256,0.9547760004895842
3.670267493812865,3.9802705963935825,4.190579407215187,-1.896931334030806,-3.386496182984727,1.6140797823505606,-1.244305468920437,-0.38641590677794024,-1.342498793399316,1.2548054025375137,2.39742091021927,-0.5269559459677753,-1.3778597823857295,3.9206808348917264,-0.6339898396450785,0.8219050031485491,2.583623142952564,-0.372132665990506,4.329159008553873,2.1794514374345226,-1.4470247892103139,-3.7040012739323505,-3.369489280962986,-1.9280860826956348,-3.0616134068464995,4.518967457339599,3.61309020525818,-1.1204782454412228,-0.6994509932554971,1.7655986730332875,-3.6082204782559115,2.9106229340168053,4.406749829070568,-0.02365747113182959,4.499439173456546,-4.221962216858629,2.754193765343591,3.254466041215128,3.8813339042879704,4.079716661147984
2.3163588948469034,-3.602831506225072,4.50911224581365,0.8916280131994236,2.1349906930722353,-3.562889094957209,-2.943593669552956,0.7706983966557877,-1.987142592817499,-4.80897027481948,-3.9077012699299614,0.6487675495266201,-0.550546861344829,-1.5635045546002893,-4.810129266875656,4.730674280874279,1.0043226308986855,4.461862013966263,1.5606167737178769,1.011984749982294,2.347841860608847,3.6694076412449412,-3.030894316343703,-3.882441489068816,-4.8662218519848714,4.481379209992566,-4.957831946925911,-0.3029387815308864,-1.79808763084859,3.355089469820328,3.193360330579779,2.0506874146035656,-0.12897266177856181,-0.5898660629070642,1.7734595152862518,-0.4861390188001211,-2.2986745782606106,-1.5715029761468973,2.1871826060186637,1.5422041058156042
-4.018047594340571,1.4224199884157738,3.779311983305398,-1.3544807389450746,1.7353077896569857,-4.704763491769824,-0.21718905102817665,1.1683343551013046,3.7555899120025966,-3.9531650857890184,-2.896470420403991,4.0817290966274715,0.9583569450109906,0.5010980804286955,1.7873331550456335,3.438064612469434,-2.4762357793829146,2.0149823223435748,-1.0784060645585818,1.1411007325757545,-3.7808418714369996,-1.7850422988292554,0.4610647087273332,4.444199585460563,0.06614902367544051,-4.068285263035423,3.161629441047369,-3.5168138328235754,1.4937550966508528,-3.8206892983661325,-4.290435031254226,1.3247098335112986,1.0344415863354808,1.5840296980742954,2.2518363589625707,-3.819803955929439,3.361261306138939,2.513492212855411,-1.146120202542443,-4.408283320107782
-3.4808492468330385,-3.803736105951401,-2.478210016435751,4.339877368168997,-3.935913811055803,3.184418159591388,-3.1513636343658495,-2.4853566951686235,-1.6576661145767595,-0.8015338937404621,4.858409902308674,2.570077246616038,-1.8204319405558227,-4.952871021472293,3.639483818450902,0.836586372066213,-1.5125269435860873,4.06735587701338,1.4985037726631623,3.152778852650547,2.287304863896371,2.9629871436509667,4.68437874447619,0.6672048690589545,-2.2500768356329326,0.3839143396404401,-1.1531564305821522,-1.447567045940699,-1.364599926475241,-2.3888114479875067,0.9413676213386877,-2.9097757299892257,-4.571715516913884,-1.9125814819059967,2.512391358493275,-3.599753693535561,-2.734612354358739,-0.6849943032642178,-1.2848642789187807,1.3098526973979885
2.152605206936684,4.644549880128343,2.4835422908543547,2.5995639745925274,-2.33521919137939,-1.0234629595733176,4.474974580102934,3.5332464423661545,-0.5097182771429001,-2.4685631622192,-3.1677397983872533,-1.5946696634921924,-0.1934517692143487,3.0348608115917024,3.398074395994154,1.720114879217384,2.00405136785243,0.6998345164694246,-1.565955480772308,4.199407182132131,2.009326822946754,3.8510615357970543,-4.34008258324607,-2.508120154910814,0.4004510163538235,-4.102028749481983,2.449304751650976,2.6241928967279122,-3.6989970311123423,4.486536997323595,-0.6238707118721578,-1.1822043878492172,-2.02258131472623,2.9417769298375482,-2.1637859119341023,2.482755010712032,3.173193317213535,1.5378144117029047,3.7587103309216925,-2.2529813402136685
-3.929066068618806,-4.922210276358328,-0.13690997409423744,4.293840572200017,-1.8747382651981876,-2.3406874561659654,-3.775682834338473,-4.316821562723714,-4.3303239516783885,0.32867452303126754,-3.037837660774561,0.09752843962680657,0.7868345435277782,-0.07545209817786347,-1.873818378010483,-0.1557656797277236,-3.0760802127373887,-2.4841590024964604,2.1750280095633903,1.741151582107566,-2.3479412496376115,-2.311156371255205,4.778679078969493,0.9197622153235319,-1.6339875080049655,2.089788441731586,-1.0249231544996795,2.5714731371118917,2.121596307350809,-4.436477685027004,-3.7494414454635154,-2.0803179821555595,4.73772335891532,-1.4534979822064913,0.8347405744187331,-3.0625268217452146,-3.3411512295530477,-2.175725109911907,-4.006863754737382,-3.9039970770449615
-4.170780672664112,-0.817283740961618,-4.377664991958153,-3.8698460040200615,-4.566478894526978,4.48895095674526,-0.5234234094180836,2.6438261003326,-0.41890065020270306,3.367037053298734,-4.745120747054673,-0.8612935690827026,3.2006841524537872,3.1255997089989123,2.3413462478139166,4.239493215286089,4.840532363788508,-2.3881122099855947,-1.7606990918933847,3.3065586930134714,1.2539286332740405,-2.892011709115148,-0.534476499398199,-0.6845527354929359,-2.8863018574445123,-2.6249096731224855,-2.717950929789078,0.25260102422930153,1.3888217260030178,-0.2824295837328572,0.24996662184491036,1.9009948637545095,-3.3305678308947275,1.7160219636819152,3.405972461652505,2.8275877491872228,-3.981258789468773,-0.11553129780887694,2.219415335399532,4.617823368264345
-3.363571588092568,1.1215037103262517,1.6437809750586911,-2.8579423251361327,1.6650792601318791,3.6694393330170634,2.1369853122598403,0.3740340484593938,-2.236890726879914,1.207492943242782,-3.8906952750445463,1.0423742961444518,-3.6377976304016917,4.537134054652563,-4.486125467176123,-4.3429955645485485,-1.6729257957748107,-2.994144627590309,-2.9187365684802287,-3.435431264066187,-3.1445214598270876,1.115662022662253,3.144153201597039,-2.028688345883504,3.9194893320775765,1.6584962205860307,2.039299226223605,4.1754798293494915,1.2715676578429207,4.228187085951818,-3.670793129963751,-0.2924943418859458,-0.9349241916472382,-2.0937819401104703,-4.241096031235402,-2.727340624990124,0.6756094773177672,-2.308871122938485,-2.0680330242993405,0.0069595079647424285
-0.4518794954163061,-2.58730629925982,1.3599939010434987,0.5680725894091161,-3.131173860942042,4.9534784888448495,0.5373387880498894,2.3441654933790197,-2.968820826903081,0.8211023073335539,-4.851465114984497,0.9951222879801502,-3.096464004791235,-4.982952410828201,2.1795892400120565,3.2397185717288366,-1.362261037340431,-2.1965160144105274,1.2280150268155765,4.45833006533419,2.2555044007611658,-3.6456261306822473,3.587045939679964,3.0025202476034263,1.5394847779734322,-2.226949073246827,3.4093769103950287,3.7237444683433942,0.18144129239075735,0.4688913492319502,-0.6749295173646548,-3.0723218817578557,-3.6019896612754536,-2.6765231338245004,1.6199786020293487,2.2799025415830867,2.878599103481446,-2.2821096582205374,3.206036496641101,3.832464320120849
3.949636425862302,-1.2301508189637094,3.6259639725197736,-4.962625856403156,-4.243854477684799,-2.186081022964887,2.7563357192343183,-1.2676671568244546,-0.8716938188778371,2.1767020473718954,1.3651708038009254,-1.7494112365389713,-2.4419497123772036,4.9015228362086365,4.015530244425111,0.7423512293737966,0.010351112570305965,4.170284850326574,1.0892217660550996,-0.8668878579473365,4.248351337066257,1.1254201815935065,4.44082454544327,4.279244976490197,-3.735848195134749,4.1358995497422395,-1.4837864753075825,4.845114200542248,2.7867040453892358,-1.3011260958008086,-3.0787650206258528,0.8338214354833298,4.544205191347032,-0.7649139702337351,-1.9576973951367393,0.8893807206652511,-3.22882320147522,3.466007607868937,-0.7814357400628893,-0.5074589313180438
3.6084801925408723,2.9633606626179043,3.710082507419017,1.6797675999712283,4.731584195200323,-3.6495666145815155,-1.4641035366513604,1.9548031148462197,1.1743222198603975,-1.042028536157655,-3.350519596521042,-4.717323012138974,-0.9529593606209872,3.0181639421131923,-0.1078408863217657,-3.354333433701801,2.265709134242205,2.648877124977532,4.554710008214153,-2.7733272520612635,-3.683816588655089,-1.1038855626318251,-2.6596817606742067,-2.1336030239026504,-4.630321371635356,-3.979342152736816,4.462393272627846,-2.740931195805844,4.040626514731393,0.28362327718946734,-3.4818918691627956,-1.2169278666100731,-1.929121996814061,1.555682573774762,1.2609789548079,2.0795464569992816,0.24261440852513871,-0.047748527110734074,-1.7732250094538777,-3.2393066166139173
-0.06551221065888857,-3.4753875442543025,4.581069207559075,2.6654757561272238,1.6091281075183232,4.924201737796288,-3.1161351448805386,-1.5755131066860253,1.5111939801965457,4.8971985092252535,2.040253538407528,0.13847744330104295,1.5882762812990912,2.1085690049359833,-1.947163425037413,2.6431892563580526,-2.894403512244824,-3.777731313035434,-3.526726384408617,2.945018011319119,1.5482997415006858,1.9422486501332816,-0.2655793188499249,-2.7716096758979503,-4.454682693605723,-0.33753807969329763,-0.3213901004299258,0.9687625062484306,-4.600891412770039,-2.322418897829623,-3.456102784369295,1.6832712863996306,2.8122325502711636,-1.5082534491992745,4.296757015449913,4.023119138213133,-2.965881903449979,3.33930426342984,-1.8351992695180321,2.3736792370218263
0.14130982396384528,-1.2170578819191729,3.838014918222596,1.3349199371262461,1.3608641670257668,-0.9826200064659645,-3.602355137505378,0.43044745467873735,-1.0732810458273097,1.852694390412938,3.706015682337341,-3.985552195165553,-4.034743481435772,3.566532637374305,1.1501698454299403,-3.7840857139916113,-4.9050489796404735,-4.731013174246328,2.547404189118807,4.133481980969606,2.21646189140759,1.6063276870184104,1.4913362763153604,0.8600639577506168,-1.486457220473003,-4.835335903199749,-1.697076422236321,4.392885728761746,3.7738246110815155,0.7457011769963735,4.422285940056867,2.561305482721796,-1.2501982665232756,-4.248654132030288,2.8262908967706446,-2.2307933407164118,0.9714083306940013,-2.340481463718448,-1.9857203615044305,-0.8795562544902875
-4.42274781456961,-3.003487967301767,-4.770008215930933,-1.8554598398261142,-3.5427966668613826,2.9097592993086865,1.4328188143277831,-1.3109781587090068,1.221260795791009,1.6289668012912113,-3.3263480546939976,-0.7737650697475758,-4.005537410188055,-4.093732162942261,0.04734454599828197,1.3307196778330272,2.895029786226912,2.599975984478795,4.0924288788990655,-3.729713949470555,1.1179491131333394,-1.995860271710776,-3.2769223844988904,0.9728193920273611,-4.015974381934722,-2.685018265293791,-2.251057016684785,-3.157504306016,-0.3984060362686268,0.6778847617200521,3.5218731877610647,-2.403044331770017,-2.482306333356777,-2.710883449240308,1.5331617674546951,3.1783540331978806,-4.702357571058998,0.5693190898838809,4.761814369351802,-0.6744226372999336
-1.1158854347248282,3.4180423459536797,2.5657279541744487,0.6491668290995563,-2.884819468775616,2.185597531666911,-3.648407004628133,1.0365674379714873,-4.195462313322753,-3.27625112144875,3.539079662469291,1.720903487005617,-2.673491947226039,-0.44839828398289505,3.8747739377628427,3.7805690678512214,1.409106598284704,3.013789417691612,-3.4905184114291092,1.1575989478827031,1.8968219073125354,-1.0147196299494414,4.549316803755977,-3.6753340887485546,0.4388607761799346,2.328149180970458,-2.2135460308210098,2.4600155797389274,-1.2845827143577662,-1.8254574725828538,-1.7271510152860126,-4.25385338072577,2.51766642928187,4.965224127647346,-2.4492211500770567,1.9850680106573133,0.7118345388552116,-4.778291552624754,1.8801070717366422,1.831053493120387
2.2278528686277133,-3.961434389011328,1.430421973405613,-2.715641648400065,-0.47221942429190644,0.30778591936109123,-4.820992932358265,2.111564034732547,-2.801742762495996,-0.9576977675385434,-2.159561175441027,2.287325784586881,0.37150394189054836,-4.5842970244654415,4.503702499048176,-0.4496646078693809,4.198611585392753,1.1082718038613013,-3.2947471724094104,-4.64032270230539,1.8733704624328986,1.4476383378421422,2.180361882271801,-0.2700634699809594,-4.755701422065497,1.9443108600016457,0.6821858090300914,-1.6626459155454416,1.7701875595906778,-3.072277798296134,-4.412959800886469,-3.3509677410780334,-3.2990882065545426,-1.1736166142779347,-2.391389726743984,-3.5315758073311097,-4.595741611114503,3.7874738912652575,-2.502466940546414,-2.3900852274516216
3.2339900540123203,0.6312857190934382,-1.343694205368498,3.780786400232497,1.8375016573278904,0.8426557049778864,1.2735488530439678,-0.7794666158593548,3.212725020136995,1.5593139272137435,-4.021254763789734,0.39276604550562944,4.2180584653585385,-1.5370079574267037,-4.743470598124174,-2.5209094122398232,4.539969811511943,4.526915007578726,0.32418209135595344,1.4678398636440404,-4.807253863932294,-0.8970800641672882,3.7989623160810275,3.3508852565498195,2.6422468445083567,-3.271965066666125,-2.4686759015325537,-2.5180530657712543,3.309121629993859,-4.178498026550127,-2.1359270081765973,2.1495180598319443,-0.842851460729551,-3.539555105096416,4.1126416344861845,-3.929768950563082,1.242501400721304,-2.455585038596469,-0.9488337780065255,0.3502083181736051
-3.876745451921784,3.1020858077054534,4.093246979174932,-3.6467362688963023,4.320320891673216,4.14436222880939,1.1367252353924293,2.0325335983086523,3.8221065151034086,-1.3276878221208825,-4.470913050961872,-0.629100234520588,-4.654100975911709,3.6574438677521073,0.8836936284181185,1.99016374385653,-2.7175840527577613,-0.3248830899474342,0.5038802593022487,3.3298055520470182,-2.692852285401753,3.976733141517194,1.3850087392577803,2.8204773301415003,-1.0917389737583343,0.9892684497322932,-0.32963510516264094,-2.4440264147944935,-1.8571534395747773,-4.309456523146495,0.2698916472571309,-4.143744192227896,1.3701915269965559,-1.3230154711716762,4.09128784234785,-0.17590245521435488,-4.443803288467729,-3.572539881535645,1.171173899483005,-3.383366041867463
-3.0809164807623066,0.09526755336219583,-4.571980193282726,-4.328782157176445,2.555096655152588,-4.781389662437532,-0.0002794947216058219,-3.156758262912473,0.5666929706106458,-4.335208280303518,-1.391554502055456,0.27948593505488173,3.153663256044748,-4.791268217345369,2.598596268751513,2.4098105364551916,1.8861510569101947,-4.92967135908286,2.43795736202832,3.079452650972888,1.2246759514075745,0.054625242885891545,-2.373783155929135,-3.0004285432253575,-2.8184873061047164,-4.44240878725374,0.9015441870818162,-0.34621271151680943,4.162275433235866,-1.2675703922898727,-3.4047880343332175,3.2096732283639984,1.4015008482961333,3.639591899459125,0.543981988425033,-2.507097710327045,-2.495623983381871,-2.699275482191144,3.6217745475964698,1.148792276038547
-2.7329814146086955,-4.0189376627848175,-4.863770987048055,-3.139972161580209,-0.6454350041186041,-1.3775496146396229,-3.5776722289722525,-2.062610071553225,-2.025059984842115,4.441817664684569,-0.3027011173988061,1.5277722142361156,0.3497473530391204,-1.349390685142167,4.715389249736356,0.2608864059352545,-2.0938016784035267,1.126257905423266,-2.649146672973508,4.822137710267572,4.770740735881509,3.2239494701356115,-3.897533972424099,-0.8384475212867155,4.3688850805066775,-2.652076665457472,-1.7059223994188248,0.9235455729621869,-2.8065050931434063,0.11804912798454748,-4.883669910467584,0.06559229034946323,-4.537233418020762,-3.2899048791229912,3.3404319782789624,-0.6164487730455708,-2.260233254731441,3.576952722722428,-0.17249409215592149,-4.468069921609248
-2.507157482606993,-0.353426428492579,0.016652871023875804,4.9717927414110115,-0.6791381797661717,4.947083984687863,1.8992597278923604,0.6631477754528872,2.1072492777696983,2.7833776295084087,-1.9612766151219607,0.07179708406559371,-4.970074014809362,-1.6338474526129536,-4.570726682184436,-2.744424208963758,1.4329052986394144,-3.2828913902994303,3.125596946647258,-0.25565450903907827,-1.9910345500882438,3.2585370864115575,1.0689809983532026,-3.1057967494845724,-3.3847821050298457,-1.1657906991113425,-4.7395619806619065,-2.0087342056248008,3.942258621632881,-2.8769956033485364,1.1229511084788504,2.2683496468513766,-2.5431437598674513,4.607123023042789,3.210125143693517,-3.195111203002129,2.9576924245548586,-4.742242853081823,0.6989722356539225,2.129909765218753
-1.99241779866044,2.9800985193689966,-4.6541433428210555,-0.3193641047047908,1.5412213378174187,-4.647639997014816,-1.2040080217712283,4.569517885002902,-4.015786678144112,-0.2237936228757249,1.6720832256499243,3.449825670895926,-1.2511516198492223,0.2795107465394757,2.2413661494209958,-1.6411703118158116,-4.153310098204576,2.1758466264039322,-0.36913494455209594,4.862121253779945,-2.832929219579969,1.5425574898890568,-0.15387640894284882,-1.8556389791542092,-3.9367348407590885,4.817134447787927,1.983122270313011,4.3216505533878085,3.8864774686011785,-0.5444998681345661,4.112102024344425,-1.665049282801791,1.28743880081415,3.1986524537042413,2.2864258816668066,2.140150532950167,-1.6071377676784588,-4.685479066917671,1.365173071819691,2.7236804195054596
-3.1955277606018853,2.138823270586614,4.2049895667100206,-0.9353629055642863,-2.981889484437335,2.256931523070649,-0.5492043865878387,-1.2927979895931263,4.504811524519885,-1.8633569653442343,3.8498016366237167,-3.328417381884874,3.843144136717415,4.355510879318958,3.305875794829081,-3.7395263774614893,-2.7557801699528923,-3.7618477624093107,-0.930440361650116,1.7670409256233608,-1.1535439901346898,-4.52631625552376,-3.0584537238522502,-1.1547149863331185,-0.15119713376310528,1.6981049929554661,4.423183885849703,1.5433031152649734,-3.3306455088308686,-1.7013179383604338,4.19380925168819,-0.033097226136091784,0.21490522980329985,-3.5091788482129003,2.572462379760582,-1.5347739040142856,1.8637004242748754,2.9012614875245095,2.279847908002079,2.041087813053098
3.5274799586534726,3.6205168593135344,0.30992056254854017,-1.3758790135480332,4.808204172538067,2.760919582870457,-1.8459891897681597,1.4968674866026532,-0.4419279084143195,3.811905199697973,0.06938643432052238,-2.478453213451574,-2.0128399046596717,-3.65064035984832,3.3537869519663985,-3.1519704425932398,-4.775075592091673,-2.0399279318045704,-1.8136625541895683,-3.2322084511196767,-2.2792468129981316,-0.5589814001457496,4.220526068883322,-3.5367416962060236,-2.755482038958242,-0.5166765041621719,-2.784516812729321,0.36312709067035076,1.1184794135017597,-2.495753202410851,-2.456382684453819,-4.074181858099574,4.9263006035170935,-2.263282934762083,-2.2087987091717314,1.7593106313077547,3.5780562909186724,3.1489579009187203,-3.341582538589031,-0.7226881903745355
-3.598042228406645,0.5349939086905557,2.177204699253755,-1.9280702696477081,-1.9141280356426122,2.496432787672365,-2.347540055570848,4.3696857851060535,-0.24713317837251125,2.5395848240306016,1.0533399529940937,0.30705758298966224,3.387763519930404,4.602262756249214,0.09727706962867533,4.382065296394428,3.8702143963423215,2.827679099762382,-0.5550799909361501,-3.2019088505856157,-0.36414864385186085,1.4571634902620643,-1.5276314763985734,3.1410641752581707,-3.870978723880237,-4.851857209486228,2.248694747745212,1.4882949673489767,-3.59311142658104,-4.861991909854484,-1.9046831868351282,-4.487466720795172,0.07249103086409647,-4.422266472298219,1.4929798289112197,0.7744186766889811,2.547400470022043,4.5447024204964634,2.985134986591107,-4.143527803522149
0.05974476094455117,-0.1140093325251863,3.817760917981092,2.1684930795411557,4.486993689030346,-1.8402710914357119,-1.9023204583395747,-1.134753264762724,-0.636157105827639,4.787660795262031,3.623332133288251,2.064668826759892,-3.185829004562412,-1.6813699399866024,-4.105795109446304,2.041077368082033,1.0268536083870208,-2.401172329291812,4.138169048722242,1.9560262821167171,-3.0688083499357397,-4.962504828422397,4.600451028602034,-4.794117553971044,3.137922326052923,1.5962141716102813,-4.771703776644023,-2.8059525256331885,0.4574159293310327,-0.6446571668602799,3.5459941586715527,-4.770958506016519,-4.365745796642271,2.0951160198223464,1.01571910948668,0.2503620849594457,-0.6454790196949265,-2.0829540756352944,-2.5325498734236667,-0.39690786112441323
-0.1651937432925603,4.199451096222276,-1.1211020671513365,-0.7975722037259771,-4.702910462667476,0.3839348103961182,-3.420435817368086,1.732685513041262,2.0650210520053953,-0.5247322704110307,3.113483871403327,-0.8174260229613353,-3.7950371350343945,-1.8804853462375766,-2.044680234950887,-0.7779017120264893,0.3798250503789333,0.24406183550308214,1.9665846940558582,-2.9571523043589476,3.1164209677007335,2.366263009384417,3.8008380032854294,2.6791595685361456,4.457867076347515,-3.530977551697477,3.3001097156973493,-4.5924202721513385,4.597535253984017,-2.4479651268363964,-4.537543812577713,-0.7558559779752834,2.2474693451573016,-1.939583278145824,-1.9055536430394837,-4.318384921201393,2.478028662577638,4.489497789008636,-1.3730743953814684,2.5396026858631924
-2.5878358647188837,2.7452549497621037,-4.245983448678459,-3.350188018066667,-2.966824788040006,3.723509082811095,-0.9936897180655846,4.334065287422499,0.12959578069491418,-3.132993708664749,3.433977596505306,1.9683398044502978,1.304801708738431,0.450664152142247,1.973827308723135,-3.6202777799041095,-4.483453312496436,-1.6728577991699578,-3.4118872655827355,-1.4122470506391145,0.8180432587007687,1.6730232755893004,3.9353394077822763,3.201635991900119,-1.370923322934945,4.006540490256247,-0.53793605559816,-1.8486200386806417,1.4362431122272348,0.2154486509704352,-4.365294018720887,3.7908342252615093,-0.3737948019253139,-2.8538015954845135,0.9594976493518015,0.44367504170887706,3.7361008051881033,-3.0637483656012217,-4.650093268127861,3.95786205505288
3.7695881411829575,4.437415041926066,-4.981820916866067,2.1431118801451206,-2.5036836714502604,-0.5244851005169027,1.8338762043007364,-1.9829794642765735,1.1245619202146537,-4.874196649594054,0.2817078826928121,2.476374379616698,-2.578943346859481,-4.63592339380195,-0.19502399946807536,3.2765201247622873,2.995833098504889,3.80189970050081,-3.945595327055389,-2.2119715912354767,4.330712435404042,-0.35848536332300185,-0.2437079925991137,-2.2614411869505933,-3.7042617235046142,1.0533654365202594,2.0724371040447673,0.19749996947326665,-1.6825288898003485,-1.105376645742715,4.867316945067536,-2.14229714561945,0.3979658164573907,-4.964087109738566,2.901930521942657,-4.871226534330109,-1.5451520700649994,0.5433955320897708,-4.2375796531068,1.050069483786217
-1.3281247338056401,-3.3215521279773146,-0.3381425907005138,-4.673293894549619,-1.0143865815550872,4.9861392509364215,1.9725601725705557,2.248712079642181,-2.1888870824763296,-3.9898358939006444,4.560464226486973,-4.66365930919796,-1.5168288266410435,-3.585606668663166,-4.039625270304446,-0.9139501044232263,1.8668203781871426,0.7543182791038516,-4.639424316034845,-2.8051856312518817,-0.6298810210397052,-3.57299007740973,-1.192313385051396,4.336512013989996,2.7142431429761675,-3.5226101201355227,-3.7024695205308884,-0.06298329098798572,3.8677279226157086,3.0287661583045775,1.057776140897567,0.5841001292675729,1.0222013500682294,-1.6791527634421684,-4.427005046454446,2.23638314697536,-3.393117393631644,-2.7946319346362167,0.35545261443411835,1.452096856029712
-0.20640336407213233,3.585038780792541,-4.275348544893837,-3.7994550481898877,-3.4124546193423964,-0.001357621362987338,4.227383443834526,-0.25528277616784933,-0.46899206091944556,2.825185070360825,1.7469951199806557,-2.257646890383132,2.799560170745263,-0.5801952548871894,2.643758147887442,2.23276126670582,0.9537297625180363,-3.3905051144439096,1.4714163159204263,1.8611056233024401,-2.6091115610253626,3.0520576439738925,-4.1920357403912965,-3.047315758764925,0.6929448688382909,-0.4885534900412809,-2.279778939634482,4.565070193125543,2.858101468664982,-3.5978071696435165,1.5288386625396502,-3.1046138099986464,2.696431762293421,-2.966853802661741,3.044710169245249,4.434478156263987,4.204219369078896,0.5096647326625856,3.542857520075751,3.7563477434432198
4.081118347533092,-1.4193270593150387,-4.923352163286014,3.3307578285698156,-4.906168094811452,3.8629598173654642,-2.9053765943648484,-4.396663476625975,-1.5309454517634054,2.551234356873212,1.8229505113378295,3.2216878677526886,2.110340226502551,-0.8236682430717277,-2.194785278622762,-3.5465934605325176,1.644259444550035,-1.546387600463893,3.0017521407750607,1.331540126903593,2.39773799429713,1.0817249094938077,0.03657349197287374,0.8916175631399383,-0.5180972416665428,-3.7278844052405002,3.8930000626072285,-2.325757839412972,-3.378395418833448,1.1612033223790421,0.00021591291577305327,4.376181977622826,2.567026902177261,2.597976051403096,1.0495959653059614,2.5460006243773794,-4.022735348255101,3.549602158861873,-4.385959016940137,-0.3261668055188389
-3.0425065749295763,-2.2640012416487214,1.2909246621882229,2.1918752552676635,-2.478687306146192,3.727977130498136,4.414707558402434,0.913946804585172,-3.9103109119165653,0.416659641659737,0.024743396148477537,4.137813250144095,-0.7557505308596548,-4.769392972711441,1.6157901976838662,-3.990674145180176,0.43094148114719566,-0.653041273336318,-4.136846285887566,3.9408246287323525,2.8688115919050077,-1.5354734195854878,1.2080322878967964,3.529286628012283,1.2647454479407862,-0.8486031775596459,-2.56957115521688,2.1808372052877987,-4.429848463624706,3.2771847106461713,4.836558492991266,4.000752497953625,-0.1958192419600735,0.14038027628220018,-3.0050198536067576,-3.8450649644503234,-2.908925979132318,0.9687696116916271,0.9531700176130418,-4.508723774204473
-0.7911766379351954,-4.171369042524852,-0.968243188500514,4.1650473647937964,-4.844255885416286,2.8291739340484146,0.8351519477608775,-2.3450406402589823,1.7730212176655735,-3.4934979943434197,4.380974185506057,-3.1102623437010593,3.3463506714028206,3.3844281630054542,-3.363501436796882,-3.0274061033310495,-1.3086176695153995e-05,-4.407956888772017,-4.967989044359485,0.8238302012090521,4.584316909328541,-1.801076546711383,-0.20765779248218585,-1.9795214580871843,-1.93642981724172,0.12244531891211086,4.1299141948701426,2.130834122845008,-2.5429093797424938,3.314599583184423,-2.54463244632103,-1.1268065351841705,0.7419506954744524,-2.358528457335023,-3.3623095594210217,-2.3315415212445316,-2.109209908107166,-0.9616946828642474,3.711374916295526,0.710289595553486
1.403306858419775,2.7166727960198243,4.625891681552016,-3.4773897159209657,1.4349826838539936,-3.937318050625936,-3.0300976523888092,0.8789538896942526,-4.514796994913587,-2.930807219911445,3.295091538678909,-2.010836840301251,-1.8980544002757025,-1.1948176232505774,0.6680327250846503,3.0313697131871304,-3.3011689665259896,-4.174385205918823,4.9045948424451105,-2.0240303765958902,3.757312621473707,-3.9909050761676337,0.8554548744855346,-3.960438244003611,0.2105959287968604,-3.788193097857288,0.12611557982146238,4.061159424123224,-4.19033762495283,-1.9828200057163832,0.17462352120059776,2.3450485865387414,-0.428652176454845,-0.827973406195806,-0.015157797551696106,-4.02103001669024,3.8597302882227282,-2.731475277710404,-0.961162396026479,-1.804208635253604
-0.4927329508167446,-3.1895814396046407,1.2526923339880476,-0.44203721745471025,3.02142501176316,-3.918785380449928,-2.5198774692199337,0.23086828302564566,-1.4819299595726338,1.7588250088896018,0.8207904409993496,4.56784480052802,1.1569812520945746,2.7417448477375217,0.8681367271340648,-4.67522002947807,0.16635080576635008,0.9497944004998704,-4.94075763725042,-1.93904112811156,-4.904835185101891,2.491295733935443,4.083377620373685,4.263861160724717,0.5302608075512207,-4.696827410714427,-0.603587434246716,-3.454055828662858,4.229033169603561,-4.042277783001288,4.802643296464835,-2.8432618842562785,2.861551982776355,3.832164967226033,-0.7668315518829321,4.472187263371598,1.2805603765447717,1.3872911556544398,1.0076937940458919,2.2644449971877476
0.1824297180350687,0.9388727876273624,-2.9619706189044632,2.5573377370311974,-2.4345511788474097,-2.161565823999436,1.903634541452642,1.2370900934121378,-3.0272365917440345,-2.783690882580807,-3.8602225366344283,-2.5700226901886185,0.06048790374168789,3.2402421654330453,-4.0751047641706695,2.1700340027024723,4.080096295427605,-4.377816273200512,4.967471871426914,4.943305289943863,-1.9502154261267086,1.6943087220133277,-4.091970529744044,-1.0044833648162586,-0.021782741415858453,-4.463342629168753,-1.793233544408082,2.210766137094085,0.5758352301919487,2.982301745974172,-0.6397415196094594,-2.8197298119959564,2.401727063282099,-0.891098201737214,3.6052435839183605,-0.577969193332363,3.7096318891453066,1.25686536322881,-4.847857272014633,1.671848550790596
-3.3290081362185053,4.940684299607899,2.277616924461351,3.9803767559876295,-4.3414136719086045,1.9576956879032625,4.645816710998957,1.7187083967891237,3.12130996045234,-1.538284249776198,-0.35153673708698374,-3.2434204533668156,-1.4506870591505154,2.6799218088269594,-4.438550193853332,0.6945567017647463,-3.3612308278815495,0.727324056991808,-2.214606318267451,-0.842782885658039,1.146450897468676,-0.24956027032842876,0.27893252072769403,-0.9962721225966931,-4.995618696152104,-2.3906381812399022,3.926309690688342,1.5752161919091474,-4.3878037296702415,-2.66617625719258,4.000779705304087,-1.1715587586809373,3.414897721668707,3.8886945524302092,-1.2510179648852393,1.6001333273340999,-3.5144046864834735,-1.727251576108685,-2.1292655082409913,-3.6564715211794434
-3.869974508941269,-0.46360849043652674,-0.26822478447411235,-1.186448726553333,-3.3035629832798303,-3.200195495359565,-4.706767774133362,4.43052180465372,-1.4520006040213218,3.1205478315803816,2.6095798382034783,2.7295131281339016,0.31938719758393663,4.109859016487627,0.43292715944732496,-0.9478595760871267,-4.0457235550633905,-1.5095817673445069,-1.22143455111505,-3.770605843749176,0.1501084954214118,-3.913004138269242,-0.430334337577424,4.936705785998324,-4.789794788163009,3.3688748458638873,4.21469922572475,-2.485114223067929,4.91719600529011,-1.295559467337653,-0.3972407211098865,0.7786858740952596,1.6761909809573723,4.752354315270557,3.4470152775121843,-2.096310502377272,-0.20851356822055767,4.078551840359307,3.0008471692143814,-3.071635936897254
2.472869791973565,-4.760814595661668,0.29455870577066534,4.132469359864409,-4.694820759589789,-2.526704799834086,3.8625483758969352,1.446504889096257,-1.1084222165767987,2.47762524601238,1.8995427057742464,3.767609401033752,-3.12219304001255,0.7612973500776938,-3.314777340278285,0.01478489966451857,4.629073262521494,-4.131091705091869,-0.6462579341102632,1.3234200101778493,-3.9366575578596636,1.2516149322577625,-1.1591565193368836,3.8208804326987167,4.866843947914406,3.9680890900971892,1.7815961148772006,-0.6521977813641069,1.9691891421403493,-1.6333502964149171,-0.8817888514115264,2.2204786104930294,4.044800607291517,1.0469963101640714,4.897166621371522,-0.20463443447680607,2.2293398802467124,-3.0887709381433504,-1.1998055792824691,-3.3199500456351236
0.9593391366454949,0.25485054568973453,-4.675748801640924,-3.15824309106274,-2.468137482156224,-1.047958209332609,0.12201405681080768,2.951621810001112,2.156508638344005,-3.6011964731617674,4.8922326247806875,4.646690337366689,-1.7199205744155988,-3.3726737412558423,-3.340442427928627,-2.7735117220722953,-1.9765352942927201,3.400535878769638,-0.967799982763685,-3.9691938676356475,-1.2782217827677433,4.3763477951397025,3.0405967281557515,-1.3657036838898513,-0.6908120837654943,-1.5411403098823104,-3.0622101742558847,4.707677185934248,-1.976422105816618,4.033552102145638,-2.859396644777986,-1.4509143865194858,2.796136342434181,-4.635515074581243,0.6353138096633142,2.5518140548985855,-4.267553357278339,0.05613937413379144,-0.14681451527549783,-3.278632387257437
1.2330162793546187,-1.722326136752411,-3.218764073276483,0.12406127155109559,-1.3407737023287192,-0.061394806282502934,2.66471297694559,-0.9717660913112489,4.620706216687301,-2.2132439338442844,-1.6525806570201262,-3.1591637231450163,0.9030748839755764,-1.4309434012087245,1.3746506909881582,-1.8045633995800903,-0.24017092315052757,-2.015685117679121,1.6418594516226435,-1.4822819398500036,3.967608675566277,4.018428543819111,-2.5183977497092407,4.03778028821983,-0.11687013398511681,-3.5760923096725437,3.9703128744278917,-2.860559418845404,1.9469179974232773,-4.981119230414158,3.746079717196455,3.3948059029038813,3.0330568158130777,-4.821384772799327,3.8614641077590264,2.5246624948561145,4.6989281375941925,3.4213592827216193,-2.8516285693306465,-1.8705298984149183
0.11712641291526804,-4.934470557488606,2.79322007397795,-2.5454411090157856,-4.100161409988278,-1.7675931028041143,3.1445111401195263,-4.976306828606724,1.795949961846568,0.9481788985714026,-1.5964899623731528,1.0752902243441032,-0.9990133582311342,1.9395784380618695,-2.7688249797584916,-4.866780262749962,4.229550332602848,3.5997231360472774,-0.4946227139561774,0.3253819202276107,0.48511001780769547,4.482877445142018,1.4572394760299332,4.00086816571743,-0.6582633141571108,2.422490379771835,0.2750277164564574,-0.2939564436173985,-2.844154784739748,-4.7922794566484175,3.9531784234139256,1.2002929034002383,-1.9049291317276555,0.6485149326455533,-4.552206928196652,3.8444863934586557,3.898777008738236,3.066339530991078,3.0450032281625337,4.267416126967301
4.300116090951692,2.433854590334949,1.9287934338417942,-1.1198976989488862,1.2074815377689703,3.8816163976179503,3.556439318437034,-2.0896485574148556,1.4070856120348711,-2.9859413863928728,4.50822274550627,-1.1271304516917127,-4.179674880699898,-0.4767498585197085,-3.492054277178902,-4.069486677993722,-1.5720075170459276,-2.4558947878562734,1.8370454319037535,2.234236733284546,-1.3569849204912798,-0.3240384210813039,0.5746389170714181,0.9464255747160708,2.3097867404617105,-4.952159063897271,3.992155022304244,-3.8139414884036853,2.6046387627493406,2.3541196879178408,0.035938202830894106,-3.9207389922230806,0.6238310060728081,-1.0186887431795326,3.1368203219242634,3.0234511669604647,4.501795695292447,3.6750536381640977,-1.497937122315519,-4.3514856178702415
-1.300601575116707,1.1546973582445696,4.062263087027262,2.7447164236172537,-3.8338935684113005,2.7013160902905087,4.330642408208989,1.6818247768012142,3.99772829783865,1.891261804536418,3.153863199593541,-2.3753715204913046,0.4040400740244401,2.822397542761788,1.0648966344874635,2.9056999355328594,0.34343302683921273,-4.335150711763868,-2.802916065846084,-0.01823095774911021,-2.5854024803886935,-4.843908274702488,1.7456304766599997,2.5827395621670233,4.384193433086022,3.8672986805513627,-0.8036348336242352,-4.025519508038244,2.771471227743037,-0.4985246445177829,1.3509087993646816,-2.458441518019523,0.4029572234707235,3.0139156932912883,-3.7896367828392514,-4.180428414564302,1.3881999514936023,-4.097524152371543,-1.607283024924035,-0.778130066506395
2.934235787550107,-3.91937253394898,4.790821923621056,-0.8703235302013539,0.9642545824430124,-1.9153774110486088,-2.1512255186207025,1.4600105019384548,0.780964907394841,-1.2438161243311092,-1.8771255493823098,-2.9835295253699265,-2.638506860671611,-1.0661911257469798,-1.679193830016568,-3.428798793459989,-0.3088583886360059,-0.7612520508996514,-3.8695370967955154,-1.859709559374365,4.543512106544318,4.68188958947467,2.040825483256202,3.0872299719683696,2.665755689741487,2.808085516710225,3.6376016523829495,4.963600071145471,3.691987509121603,2.398364876202531,-3.169750733527787,-3.7945640472692372,-0.7154148005615992,0.2976032914648039,-1.2794699915142256,4.602226428560392,-3.9648564986098336,-0.15440250681449097,-1.9133104389446305,4.65291312104155
0.17021821134113235,2.4783394365940072,4.55793116079475,-1.9892848705886053,1.5143921176842623,-1.731875495071006,1.3322020470562546,-4.438896794662837,2.7400073030357603,-2.483886395204009,0.9593349699827503,3.8931646922429266,3.654859360823629,0.22054998925455216,1.4354549241246097,-0.23286962544985101,2.569903660473523,4.51140101556941,-3.3009510964266555,3.0019015852500033,4.841861830712418,-1.155033381051668,2.3433947963850965,2.9156817363012717,-3.6884750609884795,-2.125091479962682,-2.637544947852837,-0.5882184834731392,2.7274913659338154,-0.3432902057232168,-3.121523611012279,-1.0787141963584186,2.0112423165543847,-4.937894731922796,-4.755786157974795,0.14515251335458057,0.7777470035923066,-4.884229951486165,-3.835161770758168,-4.028859805643666
-3.5140811006045922,-4.671120095180253,1.1790593050964766,-1.1345381952966145,2.488215053125237,1.2006037079885257,3.729476832773857,4.945592287077357,4.755648819288616,3.1291569689443772,3.7467343186269524,4.061858966492775,0.9308807955474538,-3.601415698719391,-4.532302611097904,-2.0595040964203495,-1.2329102845395696,1.0586421788467675,-2.1503692908635608,3.486597019899074,-2.4537522752441987,-0.267012435288402,-0.9169060633661887,-2.0798592237915137,-0.7708627998566744,4.59493585167278,4.877892473261085,-0.9179930018661233,-0.873654040468649,-3.566291822360892,-1.0275770852768895,2.8807808215262725,3.009932490717574,-2.589012324640231,-4.505233687004662,0.8344251813218673,-4.4199342243218664,0.49097539026937653,-0.4602441669723918,-0.8486885931630317
-3.1125833821744577,-4.7946435446307705,-3.5765198318397573,1.2518932212137779,-3.627903070495912,3.811525951119549,3.994154235648665,-2.2951644385038805,-0.9977087690368798,-0.026726762453022523,-4.574710229640314,-1.696620667566549,-3.8620438050074215,-2.49339289628232,-2.2108504642792868,-2.6177307293390912,1.970894145468006,-4.544252676310236,-0.3225482478247681,-3.7078383239946,-4.2817518202727936,-3.2141804187569614,1.6777663520061692,-3.179918637443609,0.2919638531688262,2.5558464446669245,-1.3108554515084805,-1.9875404432090265,-0.8071423864080716,0.22507688820570948,-3.9212629437888973,-3.5652005178352986,3.491619003114664,-0.7189523701671856,-0.6864486164890735,4.559762914838,-3.782705147313957,-0.13061266432518348,3.178215198441439,-0.5299194133678071
1.7053426336554756,4.291874541965663,4.306574528846745,-0.7678565066386316,1.322106214987265,1.5032916388033062,-4.997351025671047,2.3132916564194472,-0.9621121733237796,3.2196032598558215,-1.8120369293826268,0.24207720203893324,4.804401618243308,0.6619764869838853,1.3204036502140282,2.301738262164502,3.6453305057514687,1.7599804555151657,2.337874794407293,1.892054786341692,4.879294567605475,0.1870272874038701,-2.40595423194876,4.7830838928915895,0.3423809018465782,-1.8140600990439086,1.5158843653933438,0.6825367778125555,-3.003929949069078,-4.683109893554419,2.69129816311953,3.4346705224722758,2.7423047329613492,3.967011923633187,0.09965386459284353,-3.139199071980791,1.1728479813872772,-4.521338689701908,-3.8215504785354963,4.230983940746732
4.125986128931135,-1.3129006526478495,1.9767073863000757,3.5173597899951368,-0.4789114378283843,-2.8723329032194633,-3.487777459586877,2.4748669642338523,-3.0664414270134364,-2.9236525743403887,-2.326308267565759,4.461615150766802,-1.5476832230157083,1.9243779001302963,-4.948239175871587,4.199658560635642,-3.6487624252874387,4.732604389665184,0.15801420744398342,-0.9249102579988238,-4.714925934328069,-0.985870917349569,-3.4899274766045156,-4.014150361831398,3.8822024099991346,-0.6029208902924301,-1.6389415383475332,-3.9981602259000626,4.341622083697995,-2.938405694313751,2.004062037733874,-3.23783981664697,0.8940782352224517,-0.5428147060908648,1.506990442547269,2.0505934098949155,2.603204054859951,1.8159098004081926,0.6749108052849104,0.34490192884551885
3.2903851672386537,-0.5640581130460403,1.0806628170063117,-3.6095644378194436,-1.1412953958378438,2.664718681695513,-4.216859077333654,3.2534436243543805,-4.731092355985261,-0.17623414323173492,-4.539946088778516,1.134605714939518,-0.5094766838969198,3.7892667827938844,-3.4218158131801872,4.1064736244464015,-0.1830382402957733,1.969075676301114,-3.1900174997045165,-0.5810229438142205,4.824838860324817,-1.4658523245215322,2.4215984776957313,1.4249269611107094,2.3959156999620204,-0.6668934629853833,2.168438055239694,1.3932458108746184,4.203747692320917,3.7503619157411023,3.576942218943973,3.6352129449252644,1.5124422597699807,-3.3393295295028445,-3.983052953020506,1.5131879365272454,1.575978975102931,1.3585773678438082,-4.602818786359128,-2.9335172335432103
1.378427629336942,3.670632198583272,-1.156467203241057,3.9235224784614857,-4.088193989773138,4.717920534170773,1.70096565652395,-0.7496332283308931,3.7422488875472677,-3.0604534135461363,-0.4145260637520378,1.9212255330864583,-4.33988143990663,-1.4102932048644101,-1.2039972292384316,-0.5649773721060418,-0.6983560295819471,-2.2965432882535013,0.6491653269634092,-4.293856790160408,-4.197087141667812,2.1574241547437687,-3.58260676386876,4.100521616055017,2.1497450093757404,-4.292537558349784,4.979654398978749,-3.440772963442745,-2.6631068074363187,1.1180696012768223,-3.8034362566286193,0.32739759668591795,-0.5765605250028454,-3.0107524804747077,0.6098624700117465,-1.9118451601452735,0.5138514701626606,-4.325924040666708,-4.697952921602239,-1.0944012678165733
-1.6707929118363958,4.804585455380755,-0.04784964156055249,1.7444289243826177,0.9213477244104151,4.101562920140058,1.5761574288329587,2.8994875137715646,-3.6647215026515525,-4.009915358007255,-4.245554369600962,-4.609315977325302,-3.5319268049399026,1.2643876177419964,0.7918017716579939,-3.2193199861184087,4.934091592608947,3.5143818563119424,0.4549022234346989,0.5555910793894023,2.77319011625607,-3.7789791225892024,-2.930707727147225,-4.858863084596614,-2.50583183573812,1.776511171477864,-3.956383997579878,3.980730181322631,-2.011277886743166,0.565680691808228,3.2509736828661584,-0.8178321199268987,4.628409128167423,0.9715195707719158,0.06632728034041335,0.9935688811098045,-4.384950035324554,-1.7696266267790173,-0.6862802468997673,1.4085085878132206
-1.9069103411400041,2.660519973686375,-1.9622656008837542,2.771667601095161,-2.0585511910465892,-0.2762330044248049,-2.234865924503654,1.7768501868212638,3.2949704074799353,4.5643728686850125,-3.421290093506478,1.8062820652469327,2.039234735454203,-4.650179310059442,2.7205236686726053,1.9548070596321665,-2.1441473913802245,3.3528043565968275,-2.001994634687836,-1.614763534803465,0.9045871417805698,4.906098655278674,-0.7189284857500216,4.711055079600788,-1.7556576450880224,2.951841599014857,-2.4787883878354937,2.500525336092199,-2.4878022555428334,-4.734996320445726,-0.9246056545200005,4.853853089739225,0.6340157913612732,1.5453341628109696,-1.0309924284485845,-3.50401602608392,2.502031693172454,2.4433442369829237,3.4814732595565054,-0.5695640017182715
4.362561220087585,2.613632650302897,1.5382827308317726,-0.5093161881500992,4.116734496261657,2.1701030884677692,-2.8468133503378326,4.0739479696148315,1.9732192283917236,4.400365236030607,2.827307781254386,-3.01289038980807,0.45864447194788127,-0.6524990134034212,2.2515757054019154,0.04385514820272807,-3.7379953160238792,4.869629513307439,-1.7778861042050242,3.6823726836569683,-1.2514602183858465,-0.7692962290859864,-2.7833073226669787,0.5708585057597055,3.6452693303283272,0.24911931826101608,3.1447277220885166,-1.7078287211819738,2.44996898477467,-4.244525574455951,-3.042390775614055,4.055743061129437,-4.6091819810508685,-1.3394676725127845,-1.861949941152787,-4.647498114850064,1.901490369544966,-1.498015389352132,1.6537502013031835,-2.857639369977287
-2.410979958908742,0.7121479484598678,0.7116395914912301,4.777664635633078,-0.7221652841925499,3.6870116150995393,1.389862015994364,-1.080855809113043,-0.7614740091902821,1.812502347618831,2.804210113062835,4.3078845893381015,-4.707366804734537,-2.60036798301604,0.21275444395621612,2.362764061716084,4.309112175570153,3.183958620117309,-4.739932080407236,-4.4855826033340325,2.911260253677752,-4.416147879887795,-0.46375211255256676,0.1370097840888862,-4.511538232685157,3.180672516879529,-2.1427631835291634,-0.23284071083854485,-1.5719839964017934,-1.0757399896267552,-2.684663510047785,-3.528678038581525,-1.369412456164285,2.805711716111329,-2.607540104606128,-2.7135637538198574,-0.3779831515376735,-4.603923199560962,-3.247874564782248,-3.521676823580504
0.5008416437547911,3.872534169592205,-3.3268920631861376,4.200777202329034,2.2179971916745345,1.2537589791490973,-2.6103738828177034,0.410925721247529,4.57831644810344,2.3273106761265128,-4.959803947823446,2.261127621164217,3.075891965724013,-1.20699739174094,4.956033167792469,-3.713268538155968,0.22223948621727985,-4.770115873747317,-0.8589849161935099,-3.3636558085055395,1.0561872515092263,-4.239043877028531,1.368704136948109,-0.169104046417341,-2.224022230911106,2.9497570868624132,-1.3794629059788601,-1.9128149923553117,-2.278097393923881,3.343666903560333,-3.2435680434229743,-1.8019370784000506,-1.697948797252566,3.0738506090329203,-0.3532676075815928,1.7354772289747755,4.026948697259867,-2.9327372100977533,-3.309466172774166,-2.2131921863858164
-1.1714363034253923,-0.27217962060404144,-3.5207092318940667,-2.56948418918058,1.891144130217155,-1.8678493106263487,1.6897034987801103,3.0314380048707186,4.934859016375995,-4.182363561157401,0.707839444747731,-2.765637015116983,-4.856496495535237,1.20954926940711,2.619399593815279,3.419617985827479,1.465371190630579,4.598396286660456,3.1730234426201314,4.041605147173533,-0.0481197210537605,2.5744869809942816,2.8838291949399943,4.3777606547900625,-2.3600996216724255,4.469731461604162,-0.9239623742494025,-1.347562815939964,-3.8329162399197525,-2.537788963150625,-0.9619392575298953,4.0782324035064015,-2.7938059672594164,-3.305802747786953,-3.964768966823556,-0.034107683825834734,0.6205188181993657,3.6029660529878864,1.2046047654320082,-0.615397679490048
4.883964116037108,3.327985541412609,-1.0093470766927992,-1.9585551163676045,-2.9003277727564947,-1.9452446908024763,2.6202217607331493,4.020222394387186,-1.915147890354354,-1.709673959463753,-3.7907979723223555,1.946106061333004,4.775796890308865,-2.7550140267721517,3.1942031806320106,2.9583539702930652,0.40186165750073144,-0.06934875221448156,4.199124187338013,0.9173247169565224,-2.1229087675381675,-4.26501691949364,-2.810578565227482,-0.5104353362153846,-1.2354074576167755,2.8665318482600313,-4.009202293079289,-4.349709121065976,4.45099891998985,-1.6923353680704518,-3.5855862027136407,2.9318886347336033,-1.8004922659125828,-3.952049642953275,-0.1990705635437635,1.575955308086158,-2.867471857846817,1.6307245552304614,0.1743421747025531,-1.4753224698978942
0.989158251702225,-2.566082062550676,-1.4929005843155583,-4.704938359209383,3.9195849129788343,1.9087170881131286,4.379067354408367,-3.574519809833709,2.232201248204185,-1.2966773877427928,-0.034334638368815895,-1.3295467254875524,0.6886221301814031,0.9923743466345991,-3.7326119900880905,3.092258590511584,0.6845623088581743,-2.2521169610552842,3.278877807510055,-4.657236683849693,3.328800416924688,-4.457447051398971,-3.3425755637793353,-2.7850738112302107,1.8012029333636095,2.6294913481331603,2.606978767451177,-4.254729084483992,1.2969295708708772,-2.558757125155422,-4.388444126329278,0.5124658518256817,-2.578148050504056,-2.976712018403888,-3.714319105664547,-0.2294464778518721,2.22192683987564,3.351528192486388,-0.2605682990495062,2.73342909815935
-0.3467760125188182,2.1908647643140657,-3.1153940940513025,-0.6868705827500987,1.2785349745177088,-1.7088255591395485,4.70303846821621,3.3702947808227073,-0.59663864282237,-0.6175597358948943,-3.0029799864260323,-3.5933942186948418,-1.4918250843028784,4.519606411737261,4.333282713890757,-4.151886485770071,-3.2815535115526746,-3.0773513435909305,0.40612315505892127,-1.1004681106349405,-2.564471406478965,2.191769490262743,-4.872202893209428,3.6995556200907824,-1.6089420898491946,1.3098769853585015,1.167722039244059,-1.6355917053357185,1.656118111822531,-2.234586859420544,-3.711967980553366,3.582585422816136,0.6845459820891096,-3.8396876527877906,1.9691964398471997,1.9215624378543827,-3.6054751566020604,-2.4157253574878323,-3.203348390217413,4.571824248839015
0.41793369746776055,2.115502437903487,3.0195497074167257,-2.5133711865632464,-4.444824143440592,-2.3680966049854653,1.6022552386663982,4.284871957296247,4.24754579966573,2.4216045138380586,0.03204978873920261,-2.2018389181463034,-2.1015676272582513,-3.00548213038788,2.5677769586181594,4.891157685713658,4.904984876063169,-0.5874109973968515,-2.7987277982317162,1.0450440289861707,-1.7753394448776412,-2.001951595825264,0.3617702467747508,3.293104027344322,1.2885752901452028,3.718883963562842,-1.034775980806951,1.7664245331144954,1.6110156209743618,3.244221992744407,2.8794534099683524,-1.530104905632912,-3.2490542099811264,-2.310343082543561,3.165051551851816,-0.7952934667586051,2.6757392284287507,-4.650445112013993,4.360883426675477,-2.303860126860531
-0.6089731282944069,-4.722691874846126,-0.24833206551335962,3.180297835204671,-2.0417587186920416,-2.697409065662035,1.2778466913311606,-4.345153335111726,-1.552588475947485,3.560015388970845,-0.864776031979547,3.8334718255018174,-1.625950295147352,1.3812115684709187,0.5434243817934714,1.6821347805171492,3.692262398858931,1.296976457355826,-0.209417732932776,-2.1958942534530115,-0.2979701007833846,-4.809624204555979,0.8229487443312946,-1.7579349201080596,-2.9750126803519503,2.8777756549173503,4.225754626086372,-2.906092799678049,2.5433540585931453,1.5076623863900966,-2.074191768095748,4.971622999116573,-4.515610504248645,4.321769313622658,-1.9352732561764228,-3.098159655325234,3.5514940532892467,-3.4771702622645813,-3.868555316344513,-1.8825633431752675
3.793860234672854,-1.898208071550394,0.497200027437791,1.9950312039966924,4.348177632487417,3.490384386691204,2.5512981267318002,0.4525046755535289,2.288861606173146,-3.65276025399641,-4.443557631510934,-0.9048880311004224,-3.0151497927544173,-2.307857937211659,-0.5189122469546774,4.965523434102948,-3.4473770953901237,-0.6898788392494186,3.8146475907321538,3.9906299056173467,-1.0489516846954472,-3.3250929117768853,2.6871929021045915,0.5477298061796869,4.6903281558554095,4.1953018447518495,-2.3816491548289997,-3.833735472661496,-4.229242354729585,1.5675636495031924,1.1485736967269746,1.960104798405652,1.9719093560195944,4.486974237325484,2.933175941414606,-1.43286157352194,0.14068283806275517,-0.922653504382625,2.4503059081466247,0.20535076370198801
-0.681415385101424,-4.978011411503022,2.1452900347690385,-4.03296501006819,-1.545001682632999,1.5343746656560704,3.5063103079409643,2.9386393526735635,1.8607330516763145,-0.5371361078947228,0.14869256831698152,-3.605971508732773,4.148533381318579,4.262410131561662,-0.24588171214234755,0.1709106784445078,-0.25361916878172064,3.9191652110183313,1.0088674239359605,4.987057533585743,-4.488910830004914,4.5948452874030306,-3.7326563590648596,-0.350595159521089,-2.8543354672050016,-3.829572273404173,0.6247353950432188,-3.8835988362332543,3.524719558718237,-0.7578051726195492,1.1811983198659632,-2.677904906790545,-1.7928159386402527,4.790126426236416,-2.820174245763261,-4.563540784454965,-1.4189042480262848,-2.1285508396998036,2.1440789397369837,-1.7097395652289955
-4.693544456104935,-3.0413254077106426,1.001508667530561,-1.5027627465873605,4.072023306045722,-2.4995836184485434,2.0918900326489878,-4.234582680609325,3.467158203130987,-1.7947634329266164,-1.9148663155057917,2.507883173227584,-0.608212181212143,-0.5665800206208012,0.13587906075595324,2.2948456388419514,-2.4204313509915814,3.7322288809236994,-0.910862996447543,0.37481653730960574,1.3801597115786768,-2.412049053971245,1.9672141119806597,-3.7277713577230642,3.493964948874085,-4.1631143420840075,-3.3311304196932534,-2.2398637014234417,-4.008031528557441,0.18325488506846366,-2.2504698269547574,1.8538397601091567,-4.970874454421219,3.412429207373581,1.3907041675483898,2.4646493614663614,-3.034614358823182,1.7673914617633883,4.70151043152168,2.6591388645409006
-2.485119258851889,3.703932964392205,-3.7944347752600738,3.048378810045133,-2.7779778237145907,-0.12924196903469198,-1.592236506217128,-1.629373168749332,-4.0602816021587085,-0.7256414409988308,4.8488351570652295,3.4506667460946403,-3.2690640013553676,-3.170899698651932,1.1848236128333696,-4.721191292244591,-3.9553958766293134,-1.2224163150055678,-2.930695892327817,1.206940529150864,0.6564173347311417,1.597512752913408,2.7083837718380277,4.066241863346399,3.2130805768552317,-1.2816909594284032,0.9986811549023997,-0.4618491577550232,-0.04025672872435493,1.9608472382940345,-4.056678716726582,-2.0258698292164117,4.201494018228008,0.8329284701504331,3.73481350524248,-4.282233259037615,-0.5461044944298701,3.0232495161055297,2.9032433578495764,-3.728680587040185
-0.7055087201436443,4.993731514788939,-1.985908091749367,1.1353542878254927,-2.581957550788471,-4.6562347655831475,4.126714442270462,2.2124201374942096,-4.604287866576084,-0.5901452521508048,2.0025134758766754,-2.525142505862039,-3.3504794443797294,0.009645672344062994,-1.3983396053472275,0.12201372728703941,1.1362146876882315,-2.8849078072961603,2.2206679028227274,0.3830837455512883,3.6110446135872323,-3.119963421066632,3.569932905654948,-2.802096874368831,-0.7441844702006222,3.934560037945099,-0.9768108943472757,4.004697272968736,1.2374470890394962,4.361264430493861,0.7386312130539574,-1.0624081236213474,-1.1927512373086415,-3.582530288910976,-3.535815793213998,3.2800214144804194,-0.2974103228940548,4.884866197302983,-3.1095584952191135,4.04798551622544
-1.5998172708461404,1.7349641152802455,3.2778722183642994,-3.197425044540773,-3.46120247570839,0.0056242721770152215,-2.7263975383859926,-2.60212513493816,-4.646930861188858,4.132823096287632,1.8632353935902115,-3.708149143247128,4.515729884875784,-4.848777888775335,-3.960379964138438,-2.2478566490131713,-0.6736745608859449,-4.02659029198488,0.09251023305367756,0.06086495097905242,0.2161536103518351,1.7750769019355506,-0.41093077776944487,2.1850278351726304,3.7293208291184445,1.1873450247909831,-4.064679254276289,2.320827158774473,-4.129095214203662,-1.6196965554898286,-0.5218749605825481,-4.248762837340042,-3.364800644264201,-2.732768520071482,2.4144576643717386,-2.6900266926402736,1.2234138336490954,0.2543073711706034,-3.4505137044302563,-4.485896147045913
4.349583837091226,-4.335979346881825,-2.8869910641757803,4.0493110998920905,-4.806869338908636,2.073378592608151,1.979719475562832,-0.8803867254921451,-1.0451971890641683,-2.410591090581244,0.18046156735983843,-1.4274665461120097,-2.0931531502973684,0.6160948385396452,3.544064165352207,0.5764844980620456,3.149188507474655,4.377276629032565,3.738889210685455,-0.38159642705193164,-2.052442001656982,3.8447636599420427,3.8937446425675617,-0.8894595598126189,3.3980988294226666,3.1511635855484084,-2.8945483658608544,1.726958086154113,2.2033383180448753,4.018387167649619,3.44665604741326,-0.9382060837803188,-0.11191834296391612,2.1510444865483382,2.536942894985473,-3.211686628929855,3.3858236939643245,-0.8482535349924429,-2.3855756115116633,-4.088511247757124
3.4604390929805113,-3.6798385543406247,-4.448629267138415,-1.3368108031154429,-0.03872256874214486,-0.8102356850660852,-3.2963648844812408,-4.761445067208897,3.6852469880146757,-3.5590606879759448,-2.2195972062806604,-1.9390770075637742,2.3536213226602376,2.788801159067212,3.7088135958532717,4.712010918036224,-3.5035433812835852,1.4411345743706772,-2.5487604416548173,-4.255412759561861,0.1464261126151314,1.4844316512867977,-0.5048658498630738,-1.549045718914149,-3.8028269479402645,-1.916113519462614,-3.9934122911901073,-0.25531186162519237,-2.3604813869497123,4.303707451241243,-2.3822306152880603,-4.3847226759183435,-0.23713446044680264,1.8801640907763426,-2.7869581007318702,-3.746782585565553,0.9826146464402674,2.6976941156126415,-0.5672884240617249,1.5872941545104577
-3.759944840906897,-4.399365264963789,-3.8855533604307526,2.9911280344218643,3.7646114164556046,2.3515490907519876,-1.9862771614618548,1.2777311496235484,2.880023209714061,-1.4549774159972677,-0.5170406834383376,2.6707931821708435,-0.28052808489937675,0.737525457291353,-0.4462438932274537,-4.9922432126376135,3.6210508151440397,3.6490084955899853,3.4524620043404717,-1.1271354007613512,1.9446109078811773,3.3795447295491563,-1.729279465440265,0.005747039232026019,2.8072467459664256,2.8441091503960845,-4.196106659060001,1.0211458476150668,3.572839274083236,-1.5826033412194302,-4.10427795158231,-3.8835486408948388,3.0628968303790423,-2.8813069952519683,4.1355422619616515,-0.42515131481276036,4.278345914592029,2.701669297516908,1.083832595870586,-0.6895660231690242
3.448899909289633,-2.8225025354903637,2.051425531842865,-0.8966232207837397,2.8307128552737897,-0.7432372246492518,2.1210619135528406,-0.710537448294164,-0.0766664984587484,-3.844206606814115,-2.4903789274522654,-3.400055520582266,4.625515218413193,0.4135027254103587,1.5033282385650573,4.450970807280424,4.8713836290683545,-2.5425392013668073,4.825281125196266,1.7889214307473118,4.956978602679127,1.2273276395036188,1.940470139360154,2.5424808362368694,1.8329520215682935,1.8538908396349854,2.995296698149944,-1.8907051642885282,-1.713447015523406,4.4350746742993366,-0.9855412525302834,1.3642102844366093,-2.279676179591521,-1.2358393477354697,4.945487408235422,2.7967589231265926,-1.185529676205073,-2.5023279849829914,-3.592624273374638,-3.4179543024762027
-3.279736512115036,4.850369140440947,0.5285312189404969,4.117707384128494,-1.5682832466331806,-3.3780002702557623,-0.7544733464386235,-0.5323681404281011,3.5663466709652933,-3.5435811109427364,-1.3732145001440372,4.659881638507425,1.0728001445003752,-1.163224546864586,2.526719563671758,-4.826044286380882,-1.3845844071550446,-4.505395215030646,0.18331384184170219,-3.919422493792932,-3.485899897113164,-3.3928754477367464,-1.4622770411687447,2.972637080056857,-1.7136029896909974,-2.803541979220908,-0.5907941364277134,4.169847033207594,1.5301128132959114,4.349916609024634,0.8030122609958852,0.951996660369697,2.1678767377729766,-3.1989827324846196,-2.081693798933424,-1.7859819953586733,1.9443909324157724,-0.35674700277051485,1.5722346858268157,4.986200573524556
-2.0103296647703157,3.5014390083458586,0.905571857888666,-4.438282548360032,0.18187928760727612,-2.6136312725616593,-3.968078184267673,-2.2340645857661627,-3.952785305942084,-1.3131315723030856,1.6868996631844846,-2.5199522441693416,3.3212509154264467,-2.8323192531228054,0.40379394528027834,4.059743008000893,0.6299515314492901,-3.8239679596391296,-2.959201944653884,-1.8845040940166613,4.667096847303245,0.4910961785878758,4.921435663885333,-1.0504173579682718,-4.57525209981746,4.39658465854453,-0.07207624389593725,0.10656149928889036,4.068567267810256,4.953120785031736,-0.5759968901385983,3.4511090246786242,-4.463115363869209,-3.43686410272349,0.7350024920846217,-1.8747979701299777,-0.7169349578161572,-1.9225610274482192,0.9971695992009213,-4.66699481843882
4.4052159737805,4.8756770642246305,-4.931940061523227,1.8255344786730179,-2.8699151691450324,-0.5350841675265823,-0.04999454627505351,-3.940343137566876,4.111820744106197,1.0345700210135123,1.3103153230769227,-0.010071621626193128,4.384814590791269,-1.7362148585863069,3.992051694885964,0.42841771284405805,3.1842772617809505,3.6587619957285273,-1.1043861474360837,-4.699987106277401,4.250765812063268,-3.154889523611819,1.167801101268556,-2.541725462209843,-2.6831480990106775,-0.12878261866287044,-2.8291049196881355,-4.077979792376784,0.16516507390862767,-1.1909518802945662,4.442268050900962,-2.601658759273882,1.1876319734645637,1.7929632226331336,2.8920900891985513,2.8654202002668736,0.3394288661181042,2.3204750397909137,-2.3325179059863155,-3.6478111332200127
4.0493475088458055,-1.745442869575387,4.278683640649181,-0.3327948981434714,1.4715756304974894,0.6698606727496417,-1.4072317566367816,-4.95303426656,-3.497785817976329,1.9174785768923188,-1.3154685958759202,2.9338178009944667,-4.105897807669909,3.7515407607451827,-2.011646690195779,3.1902067467655186,2.456829867163224,-4.295858595766028,0.8627681871392827,2.8812864635350364,-3.289081952323794,4.876128069697586,-3.1236547070569447,3.056252225545549,0.36671364700584963,-3.672114065418838,2.650097873075917,3.5805549684032147,1.818827084088391,0.9695376538295477,0.39417075062197515,3.5482425668363593,-2.42699543888485,-0.43351928105360216,0.9362934404312071,-0.1550482450015327,-3.4541803204846424,1.1230178608757457,-3.5585365540161282,4.20633063323992
-4.371587109646855,3.497755244339521,-3.257112826958281,-4.7943386123519875,-4.767358607053465,-0.09600950707723133,-2.1227417979043866,-2.4732925404973223,3.839372735905922,-4.723624762135379,-3.929539774554905,3.3972254278193965,1.0150897728918293,-2.3874702295649937,3.8147579647122765,3.309925672608159,-3.752549595761347,-1.37890075424145,-1.6389093003741957,1.8109926173886235,-0.7425272579629629,3.192715729127462,-3.8440808915185474,1.912781662655954,-2.7957413731065954,-1.4151984515921843,2.5648994943909296,0.705656811005114,-0.30964826729966166,-1.752597696741585,4.614272208213844,0.7037807082336656,0.009018283710634734,-1.7970503446169954,-3.5958098256591615,2.3178782847896375,-2.876851119912354,-2.8742246264912072,2.8550147393384853,0.5037918899036073
-0.8317958153572054,-3.9767492717552715,-0.44790544618185546,-4.765712742023015,3.3096893081196583,3.132065178898296,2.296072565605285,-4.111889086977025,-2.5426988522699387,2.1444734382273047,-0.2529522807160056,2.368232942128418,2.023595019428167,-2.699421789346244,0.6790376131448683,-1.3963961971468852,-4.68784476043171,2.82100260524912,-2.398721452240103,-3.876688225254986,1.4182281963889043,-3.298596945270398,-0.36228613756363615,0.7818710714149004,-4.262508850524324,-3.026984380131643,-0.24635551762568308,-1.7464388201699887,2.907984014054829,2.1738333451481076,-2.674677900540032,3.4988104780507676,2.900892765807031,2.693377736479537,4.5143040383779045,3.708471277191075,3.2314101270779148,0.2380801953990117,-1.3314369742527958,3.3085889895232707
-1.4543053019456567,4.3256047907412825,2.9029996660079904,1.5601405762360585,1.8002195791786635,-1.9560192864113364,3.183870993922298,0.30337847752187486,2.350075149242703,-4.263486327699638,-0.9294536294484645,2.197949414653112,-3.624349889582829,-2.566261293955087,-1.8803243950337305,0.36696491746942694,-0.05519392930076705,-3.873555311966836,-3.825948238530546,-0.7316390305784353,2.1449527655825626,-4.312875999951194,-0.06962247011372558,0.7403797388289579,4.500413014132201,2.3809715346643454,3.9133700871776753,-3.0517983672484856,-2.439237519225231,-2.3508626368172973,2.1545070591931994,-4.5939677359499385,-2.144815075550789,-3.557801722928189,0.17298852022220057,-3.6906550070849757,3.143491917655293,4.805257236972119,3.24271843871265,-2.7000862920812727
-1.8699517451035441,4.499933499436285,-2.415739919788493,-4.876014516944184,4.297223915088974,0.15402393471812204,1.4073910580324567,-2.953299369338721,2.089393554823574,4.994545716521676,2.746609703310261,-4.079442864674489,0.44767992015889213,-0.8574647401600588,-0.29233098056072304,1.3876073139236658,3.8475503665139588,-1.1739247307162404,-0.1455392353687861,-3.0714854867997015,3.2870266985145733,2.2873197466303354,-3.6216882543986886,1.6224466362688297,-4.154793647709845,1.3926510225752473,-2.162621130463163,-4.475227150214161,-4.690295654609235,2.5809927259831955,-1.0000499528451385,-3.6843904374741663,3.205156563120873,2.4540413637656746,-1.4543295268558456,-1.1742415003139728,-1.9449071393357715,-0.5110943334171676,1.4538684434969085,-3.566709482917129
2.9159135022604135,-3.6562713141053242,-2.4553637419697267,-1.704462007612451,-3.052160936259134,-3.242416650480471,3.4816907429646236,0.9613304985555349,1.7300258642837685,-1.060526396149033,1.7530821148290476,3.53151094165589,3.03544135905857,2.974967974379532,-4.604424289478443,0.8642644907494272,1.583954214243601,0.01969559184977321,-4.581365271511635,2.3431063194618993,0.9460971851459945,4.070966423953447,0.2680796994518424,-3.6345810045907987,1.947847226927152,-4.887338298185567,1.2054840396071187,-1.0601703716911217,3.8418598738821323,4.619774078352512,0.48736813518641764,3.268304281906108,2.2214334718366313,-3.116953554087003,-1.589036081607583,-4.752351305867822,-0.15900967779815733,-4.577324339404744,-3.268785609501349,0.559972111789917
-3.716225344549952,0.12749786495716187,-4.7760421267255015,0.03605874787519703,-2.83374852719488,0.6790124041019485,1.1520441304006255,3.9453640574466924,3.782335823898615,1.1139180991265683,2.643449156314242,0.44401879791517995,-1.4174557262562493,3.109074373319224,-0.767040689436465,2.8191947978003693,-1.1950335430755437,2.6610044061575664,0.36523108416436667,3.457902008627393,-2.513246174542055,4.2440261783069,-2.1056535757513006,3.962542535627394,1.7465930455665397,-3.7590989176036125,-2.8190053908269643,1.7151334329566321,-2.705029298396303,-3.1494269047838515,2.790760486580658,0.4043197895618924,2.1122873504603,0.5810824528734484,-4.593608115611388,-3.170714105593297,-4.275237979112978,4.443383782716403,-4.491979543742474,2.447907519558676
3.8780848275799737,-2.5403875261330287,-3.6398500866219887,-3.892426283356519,4.771195202932784,-3.4642712856581683,4.89446186029509,-1.3979338723194275,-2.7584904520927775,-0.22760062160483585,-3.6640546817121535,3.328712360087213,-2.814708772223759,-1.3154152000544048,4.693547519838495,-0.7741106380072242,0.23067730125685948,0.19731190764656859,0.4908313180107893,2.223522896543763,-4.365766031538061,-4.761427360119432,4.494385514080806,2.3465142779454045,1.4020756584764626,4.795984829175687,1.8484284871546022,0.07980543535016515,-1.9088052959607147,-3.6599417365950204,4.724508469602831,-0.31534748854549566,4.435722093853757,-1.7426169332718686,0.4594422039065327,0.948702044168785,4.120163872540237,-0.6048601864750323,0.2647847507372001,-2.4764755903143705
-3.534326308653668,4.304854549481533,3.3034208123329094,-0.8323615306081038,-2.3576501988821326,-4.365540698900425,-4.699408272680822,2.017933833420841,-2.694551700237847,1.1669054706668938,-4.621650573955156,-2.0334967908738113,-1.3729667611518521,-1.9031287930060192,-0.9249258707037411,-4.756219772798384,-1.3198073387690452,1.3597887538986377,-3.272615799072698,-0.4830742631005922,0.2755482222509045,-3.842805930807994,-4.570749609728601,-0.7404102001937316,2.5308058886841334,-4.0466097663055995,4.1828454464626255,1.4156287273286141,-4.857976919103347,0.48021997193474064,-4.08436209452823,2.975696584135809,-0.8829251591181855,-2.0426557192276014,-0.13878257195945576,-4.110133229372373,-2.5304676363534933,-2.0459027615859835,1.7703574486454023,-0.7573230530945967
3.4184007280950564,2.907626722559148,1.1624496912684732,-4.988017850009699,-3.5196662217934254,-4.512282869092271,-0.6588800342516556,-4.367684256611257,2.270669836335233,-1.8454427680064285,-1.6980131154368276,2.882821498152545,-4.353104414437,-2.144789536118738,0.5779749870223663,4.9958117056645825,0.765923569444289,-1.848841354153537,0.8025877327504096,1.5865857893689883,2.9262705992916596,2.4201193408410093,-2.7072272912934445,1.3718607614836742,3.53866861657367,0.5654621506370248,-3.209042852836083,3.1768442119058875,0.24720984062280138,4.890135395758085,-4.030685264498781,-0.6777589025233652,-4.845363128224382,-0.3376315861119945,0.2283360825438896,-3.037965952350159,-2.1514341297338238,-2.260928354601421,0.924228545940478,-4.936006387954635
3.8713247524855436,2.3642788969509763,-2.8452198464025926,-3.3888989006306725,4.360936026203264,1.341324358185303,4.865797128300288,-4.864294174361278,2.779766179396635,2.3832053063578496,4.543774198160781,-3.5520396412755026,-2.1770245560471246,-4.744694331666618,3.2361734972130822,-0.6345305338640275,-0.5912701254619099,-4.7997292441180495,1.133825626724395,1.4434676982495853,-0.25462902681207744,-3.461806514123161,-2.479385398449005,-0.37635003490525065,1.3873675475912792,0.3171242824588507,0.7283754511353546,0.30104724097902746,0.05004415941209839,-1.0554894498082774,4.995893116852288,3.996345485326515,-2.81835693809746,-2.2756787760278825,-2.231423198617366,1.68375908001763,3.316510780634724,-4.238949348368345,3.9101978458595212,-0.3066238904978853
0.7349889643503893,-4.24157226641844,-3.028210890006666,2.295831883425457,-4.307270851532905,-0.6562139632640465,4.553117657915626,-1.2463641618879513,-4.914764684926477,4.846152480968518,1.2340611691364591,4.026018391180015,3.1369050340032203,4.806929913803511,-3.897974904539841,-2.3378406081121508,-1.08495053242566,4.883228074671919,2.3915591906697937,2.1468231225672962,0.8496470995603991,-3.01237963745029,-3.3219820840308474,-3.5676730137387063,0.7643767128415266,0.7437414711492307,2.020122478365569,3.389134980729093,0.8344421620219942,1.486925335037225,1.4548989043258729,-0.5345712920156851,-3.595891284694347,2.713528034412798,0.586817150508649,3.930480336535883,-1.8895154898520028,0.999066563226334,2.5561747934738683,0.4792941489173721
-2.1207690718144745,3.45493219288163,-1.6745232584552996,3.971760096950053,-2.3129840257549077,1.1262455992591427,0.1689152868105097,-3.3277669107975774,-3.4705915542278696,-3.7221480370491244,-4.188466259389341,1.2245500087344263,1.4511901586987817,4.593041983573315,-2.4381434383802607,-4.276652261104013,3.9845291905601155,-0.13281463135061866,-0.8345997471331676,-1.5810842556471623,-0.09166921797611849,3.7543320481660913,-4.2044958061259665,-1.6808163511429464,4.3266296662112165,-3.8953590665220577,-2.3494364620024695,-1.971515562043915,-1.774834463183344,2.960165226124448,-0.3244352499053651,2.2479653554266887,3.6500954762929343,3.6799317005076464,0.8520674805647257,1.6664887064208136,1.4092649025360702,-1.6381964741180095,4.027261122563967,2.9760239718189654
-4.499313017130329,3.823091000073365,-4.079926712996565,1.6228501852453974,-2.7618929901853204,4.356479542962182,0.38418107714644734,1.7530500270446687,-2.173670802468191,3.0016025731052665,-3.808144514293727,-3.789205912217221,1.887060898537868,-3.44348770869648,-0.3836770094823043,0.054676960579844724,3.339916315601421,-0.6210497274212496,0.9487011581256901,1.9756188671411312,-2.739818605282852,-1.8746262097767197,-1.7198373573998609,-0.8607777029549393,4.2607322200149405,-0.7129487317636478,1.092130853884063,-4.571980088902664,0.2965984704131719,-4.4540481165360335,-1.6117847716380012,4.026817801224556,-1.1459895871554133,2.061345031133916,-0.3117042275630002,-3.473586804322777,-2.641186659535903,-3.7832540900173433,-4.110272477387974,-4.806559981495372
-4.8399794447366915,0.29997891890945017,-0.304386942456917,-1.428086126727211,3.2703420745202862,-1.160238184957152,1.634980132309578,-1.9160466030750007,3.170591495283851,-4.952649375899219,-2.5772136490103326,-3.9712762158111374,-2.413116677881082,3.8669809581672148,-3.5064162172596838,4.3352083440369675,-0.40751998486779684,2.9293358088648453,-3.581224103199017,4.234669951624351,-3.2039451244151653,-1.026975950409819,0.9791842532443704,2.3140930770456825,4.894152381272068,-4.488025005366552,-0.13946917038177808,4.915184003555646,4.180591412526889,0.0916163103117924,-0.13701243580792521,-0.9692659903076137,-0.2768655236404651,-2.0717611104643883,-0.9599175603142154,4.83205452786904,-2.600904562608229,1.1931755724846909,1.9598872445398854,-4.252109596025143
-0.5894445476356278,2.581391462702415,1.1288721835544644,0.48620248241504527,-4.196981461421698,2.0486442198652055,-0.06245705064500928,3.4059221590634863,3.3511006675382475,-1.1349259099161157,-2.9156080418681265,-1.0374742655944207,4.068223184503575,-4.266789934935159,-1.7122047455408747,1.8529462904556269,4.991373270588305,4.956753284330404,1.34904843287765,1.5033767107699152,4.90823208515314,1.7149338629718658,0.1105924986361444,-2.361725612154075,-4.55889790379529,-2.449671867093681,1.1043994935141601,-2.5954874682120086,-1.9405343994094304,4.051030209365079,-3.324872957541707,4.8273718366779015,-4.702542440253945,4.1697076960161485,-1.6920148588015294,1.383560008636314,-0.6647199179654724,-0.0839691766132491,-3.7713133659391467,1.552685853729045
4.699542524277106,-4.685241560007675,1.3407202223614645,0.7049604817365847,3.507886194498374,-0.3903260160135522,3.7128245571526204,4.39684296373121,0.6064007679990668,0.7062438793946404,2.665375391934356,-4.468584894243929,-1.6010374747799427,-4.299787504890725,-1.4632374364195804,-3.0635732020673396,0.5996836048833201,4.610643439714341,-2.04890480525488,-2.464820697376147,1.8215444313826907,-4.489594428745963,2.2402965909947357,-0.5474342377216432,-0.2777102334517725,-3.054133517422349,-4.28663318896665,3.1729750149327316,1.900458828187979,-0.4026371320286133,-3.6763830123529195,2.1679755700180543,-2.212483559059705,-0.31278262324252903,1.0566308621385865,-0.5736572386790053,-3.6805993338008816,-2.6374469562015,3.974690937703535,-3.621005759119641
4.720440192513598,-0.23551093570136317,-1.2101314452742757,-4.125873104918184,-4.657784474616318,-0.10154806536881633,4.508111549737588,-3.906148818161892,-1.4412886322952816,1.3791246957318926,-2.2365690076746523,-3.8351100380654497,-2.3990944305937285,2.937160840564946,-0.4650538428785769,3.16282974447898,-4.758068988847622,1.171204495057296,-3.5036345901226684,-1.8036092917176694,1.0316527746464068,3.4031287425893613,-0.04647342726097747,-4.282989445734475,3.6050684236244823,4.339000198228582,0.558186562736946,-2.310156193506774,-0.5161349910363278,0.4154585884573798,-1.8209770730679953,2.5399893246374905,0.8488325611671961,3.2754342599941495,3.886977878249038,-1.6326300674790266,-3.1223161718806356,4.764081941821042,-2.5564128294358808,-3.369430457884338
0.20381599629004477,3.309064876179429,0.44944850460219676,-1.2185428966987888,1.2718937493023539,4.037486031441027,2.266147978354825,4.224048888955656,4.853501039752475,1.0917222029780058,0.5328341737635389,0.9383847612579475,-4.599121513857999,-4.244763917094181,-3.6907898313484044,1.1241345943111725,4.600703646431612,-1.057758411019054,-0.03157865020931627,2.672481254284655,1.750354197850971,4.339113524545608,4.230655563109838,-0.7232755106406641,-3.5991146808672685,-4.814044705730639,-4.317108986669336,2.7271723610597176,1.0557123308543943,-2.0118874053966445,-0.46079484567139417,3.736301895117233,3.518088538915972,0.4979308216694065,0.031147280566460545,3.411392642255338,4.529807811282199,-2.538150530421555,-1.3195134116239613,-4.873451051831077
-2.47087210262406,-4.866640402261034,-4.601806398316577,1.3573716278167316,0.8510402035532838,-3.140378359142425,-1.0221831177111893,-0.2806684957402288,0.4707215151245663,-2.6499768063037026,-0.06195492534138136,-4.692683205915057,-4.843977030799999,-2.064275773213027,0.5531464969498909,3.9376835077600774,-4.865272154381334,1.17527369825308,-2.520114228025089,-4.309784428997319,3.640278622099281,-3.7632846126259554,-1.4833519939291087,1.9946066800683884,-4.494164102340111,-4.996067571731237,4.74957547636966,4.5270087012098,0.55250900191123,3.0564798876157813,1.449486084973631,-1.5862715259935705,-1.015998034997152,-4.018258797578721,-0.8009050765633425,-0.12067640126336965,-1.1563835224425651,-0.336611999896971,-4.470834037265766,2.094360864655659
-0.5004486662040719,-4.405140758753425,2.105314396625526,-2.7959948482934536,0.4081498965414765,-3.952064532281461,1.795446185845221,-3.004288536057615,1.4776098802631301,1.237672813304279,1.974667328721619,1.8467512876527934,-1.5768852497721704,-3.2660531538754363,-2.842107849117903,4.298292018248608,2.336611019743142,-1.7046581059870598,-1.666969154166273,-4.135227258121882,-3.3235551680402597,-1.179108175335072,-2.275450290194676,4.522430429715785,1.454937590411184,0.6492337795884682,4.267541843579105,4.2275139125162635,0.9921033178885228,-3.2251267831178674,4.9718743653738855,3.5240754823181213,3.1104624611200844,-4.394376858376857,-0.7282043058809542,-3.570983692255604,-1.34172193682693,1.079783185639716,2.4004508895270806,-0.3659773000088462
4.630184941228148,2.020991981143519,-3.3508447148318634,2.600976732660847,4.269975243278223,-0.6012694401049359,-2.0059839971495808,2.814560243378544,0.653257774062709,-4.385635289035168,-2.811746476165421,4.224086054645074,-2.2599461590207137,-4.707275217933331,2.867313109899472,3.656116666401516,-0.8299379172829573,-1.1047284114806772,-4.773289951789753,-0.054027429108344904,-0.4790194841658195,-2.2864698776938512,-4.806108141611953,-3.426827985951669,0.13526940703027002,-0.8142691275139189,-2.674551729409843,-0.09427142724911963,4.709014768809283,-3.864484327531566,2.852113651498655,-0.32654808524286505,-2.6800698914078045,1.7529071563847642,3.1229447164899327,2.168916587097039,-3.3140407116500104,-0.7813502587897245,1.2512297777919201,-4.576221082489584
0.32727467853260883,0.779260261438699,2.3751492625386508,1.4552294242256743,-1.8482183255134728,2.681466621357316,-4.7782917003869665,-4.55215621611467,-2.866676309983103,0.7353743306992406,0.7293900593148699,-1.5215293258298606,4.9516773660447555,4.956094978727732,-3.1644996066437105,-2.048333526558586,2.696511682499488,4.148593343745912,-0.589076726821796,4.368337169851806,3.77679364341755,-0.11677782057287356,0.3938993025035771,-2.5912653078440853,0.2269918406786644,-3.189277304187268,-1.0846584587514179,-3.620961958693192,0.8712307461937732,4.925290483733411,3.0725476843699475,2.6983071405637773,3.972569386372621,0.014673081382938769,-3.1701684366859895,-2.3717228120307947,-4.0507886279120795,-0.9313392572112029,3.442897988370822,4.3556240036957945
-2.8988555106761407,-4.534688080627998,0.9519556983828092,0.0899526363213976,-1.638170269657031,3.769478216541689,-4.965524976211977,2.8504306044025256,-2.1216391056408384,-0.42263113267460106,1.9338680402764696,3.2993269741082027,4.6580171966951625,1.9550606267714556,-3.0077027873898725,-2.387732656645772,-0.9693449655738897,-1.195497540281416,2.0373357056360533,-4.925952581263274,2.246575250905991,3.02336529590384,-3.4063981130456646,1.1566065854052932,1.0363420603296003,1.1288113686089254,-2.944870546331393,3.549341819790751,3.7937990468621656,-0.23956508277228306,-2.5177988193765963,4.533961956215613,4.191881746211616,2.791668584343153,-4.028436645512356,4.317443946946453,-0.5079638672745865,1.0488012386922554,1.333579225828835,-1.5998441982283924
-2.7764510194590293,-3.351197375414745,-4.507709001787297,-4.803200912476684,-3.1061687663686866,-2.4423173403288767,-3.8611020329657855,0.10051428600182177,4.435008992862032,3.401830338972184,-2.017348767081923,1.2569177380358996,-0.4153509528946646,-4.677146295413889,-1.3671587761762827,4.8528260836359,-0.8780509633128482,-0.011436821865756563,1.7279110603865284,3.874619115269791,0.018119508422802966,1.278183453926883,-1.3429711214397981,3.82576684449959,-3.767195706522841,-2.7609425736440927,-2.234074661580132,-0.7898034288764482,4.272361103946459,2.3256612095338793,4.567281309416826,-1.9744020777994296,2.704269498759043,-2.8114202907032,-3.0496935562589496,-2.628029711805986,4.985257252048736,0.22147453810489548,-0.3029258490731328,0.5839885329134056
2.6467168240930947,-0.30821921328918656,4.695497568339563,1.9376485829873804,-4.297467827529307,-3.41010103360858,2.475697914337803,1.8291670866861107,1.529547294411735,2.1136038798753267,-1.977922466042585,-3.442002205674288,-0.6484197814340327,4.661053521853189,-2.93262197816831,0.9668036903515986,-2.308425651457322,-3.691823562241776,-4.316436397617338,3.564074632403271,-2.887062376226414,-0.577513417623928,-1.801187779328309,-3.3568793324952226,4.090646924916371,-0.036380830389958874,-4.818127531460953,2.4359207742792837,2.161515672927047,4.6289660531935635,-0.3514010267597758,1.0713499055006324,-2.025153255598997,-3.4024907958581583,-0.5955309455096298,4.400125179986269,-1.7438295896134095,2.351919816772451,4.346632063841749,-0.0143015450351065
-4.093231540231095,1.816439123154911,4.029681816713209,2.705477158483067,0.6084374097030345,-1.787335790229907,1.2366011375079635,2.675245168798293,-4.766796533029683,1.6616323549783658,-1.1033464825225563,0.6737416460468602,4.2303612367145185,-1.379794873756973,0.27132990397852197,-4.38530443055162,-3.9248302179950754,2.71719428996772,-1.7398388326964453,2.8464448752244493,0.9564661331905171,4.570313913257376,-4.100468465549492,-3.660060225426327,-3.5543158864731903,-3.226862935017537,-2.023738209953325,1.5098262898391726,2.9633078101702424,1.548843074158487,-2.7541575443413864,-4.447867008340968,0.8196939380235824,-1.2788228030018884,-0.6732507075267318,2.745567732832219,3.0062610607961755,-1.969905191665001,1.5426408615893008,3.571798233491668
4.232327681036319,4.5145873950657425,-0.8368652356391726,4.086597361349947,2.544294589705828,0.5181921406614105,-3.0715790780524044,0.003145372186429185,-2.9151755703033313,-1.5097581299191534,-3.6017831154845803,-2.668531306647427,-0.9262348214827858,1.4229452469121426,-0.06315462497360169,-4.541279351007076,-1.6052692422871493,-1.9216339018546282,-2.705203608216116,3.7524298370279645,-0.8204876018565184,3.94235257259483,-4.829068728906119,-3.27825270629069,-2.9732905297207313,3.024994857380154,2.838548785014739,0.01913191768580802,-4.475855112745422,-4.617609169178775,2.088803477336217,4.251489531170185,2.6432829542247296,-2.494055195177567,-1.3002485470470484,2.4010564340208704,-3.4244612393451446,0.18783984263259423,0.5745402216629163,-1.979950832670342
-2.8477214170928216,-4.825166105490747,-2.6274940066698163,2.3626209983584134,3.407202749465883,-2.4150912883876217,2.7346106771788,0.38575677145832543,-0.8200851532427587,-2.2424694337543176,2.1389642101727757,-2.1006890159915703,-3.5992853350283394,-3.127760015216651,-4.874312929747105,2.7029512659868207,1.2889917687713819,2.68933480539756,0.7170537745996235,-1.4479864087245904,1.17389952124722,-2.925646805902046,-0.004787141851291921,4.476328995672683,4.407945710478849,-3.3892926273314954,2.6463480059302515,1.374458191707017,-1.5136526777770802,-0.39082589053668837,-1.830762584642641,-2.0017649174706484,0.46179987751758667,2.1882725635115152,4.547402071528619,-4.96705275168297,2.033567830603782,1.57614753615354,-3.7473071764137416,4.541217833188613
-0.12515933337389118,-2.0742011745181195,2.616535252340718,-1.455654938647068,4.914681054032545,-2.9914465985948193,-0.8823985557202851,4.630925022478561,4.352512158006867,4.088352007802381,3.041958370736239,-3.690660905510886,-1.998009842056513,-0.6126211623633822,2.689554552814907,1.3579056347244105,-4.419805150385591,2.569560779242681,-0.1085053431125429,-2.2354092248614195,-2.0472717591522875,-1.6850778868166891,2.6287084620747247,-0.4289018891864167,2.6916500360586166,0.9006387608870137,4.376708628344305,0.7799888456429365,3.2836207152136545,1.9327097264584747,-1.9501473979874886,-3.6247692892816046,4.982065184299016,-2.0014420159655986,2.4775954832675957,-4.61977687783518,1.8231340449653803,0.44264917225734113,1.619056134312677,3.990277281967863
2.831854644854122,4.170431707270334,1.6855286575593027,1.7010487724343601,2.187219612404917,2.979808205292577,-2.4179678023652453,-0.9793385924817848,-2.2788646707055085,-1.8932847812229476,0.6263199558741137,-3.361558207279389,2.4665562440946474,-0.46493161454883936,4.039239071802612,2.393174421899321,2.1432557209879244,2.5064682346063645,-2.2604499501501367,2.7057233511133454,0.1215256879380675,-2.457108301854106,2.0234950268191367,-2.189997155983638,-3.1805707638358185,4.056469816480865,-3.31674670922796,3.248907011662588,3.814352074945486,-1.3933378798077847,2.1781105338311635,2.30659959248145,-3.167165903208551,-4.2240405598322175,1.1898576824790794,1.3367990054712902,3.4235498124185337,4.742714225765335,-2.701575221313531,1.8831451000835226
0.9129650615457194,-2.7352431363731724,-0.7009049246210033,3.600417192619993,-0.16386536355333448,-1.6928216158669045,0.89907133302379,-0.9133893111526366,-4.224178077791053,-3.1821332164304486,-0.2982399665462552,-2.7882674557552614,-3.8379228347337664,-2.4511804272440543,-3.124756035941246,3.856117563299936,4.1133628322394795,-0.7350668666445408,2.305676567009673,0.08133620518401052,-1.4520213539869737,1.749482345578076,-4.888400248467712,4.761083132351571,-4.115143941308641,-3.0821371507263313,-0.6466674023265249,-2.6276120452944687,4.5585620558526365,-0.2139966931020858,-3.445198907291554,-0.1774427055758725,-3.9176542354879222,-4.780416534467509,-2.4133462272493262,-2.85382384884537,-1.22332399857003,-1.792307626138392,4.86662125080567,4.2787455632555
1.1295503835722478,-0.7809102212087264,4.874255786408364,0.28175476678366707,3.4482109718562217,4.609370316625419,0.7997555793313271,3.9948660718849336,4.389903926474869,-0.7969564495710788,4.242796788251926,1.7430974217087716,3.2295098232760804,0.8663954583594533,-2.988251269020047,3.341279365459993,3.5415409645110856,-3.9325918755976503,1.6127338492478582,2.5401839914637687,-0.6058757750696007,3.3749924297148386,0.31388204369458883,-2.01232035863909,-1.5683593546619763,2.15623460024692,2.1091646786559695,3.748805746400638,-0.9255414027737654,2.0028360391549924,-1.3894070445351403,-3.0044744794023504,-3.726468372153478,2.432063526844521,-2.597745164076934,-1.8771860500452124,1.8977160911963766,3.9788293132725467,-2.2716261061560186,-4.744256252314558
4.761743439429779,1.8279259322028718,-3.5379633278535447,-3.9973012078742594,-1.8983783152208873,3.352303767520354,0.9318355806269221,3.6731159873384627,4.906625605522004,-4.571925244406059,-4.135125155985549,3.6297389820986954,4.716068977553489,-2.0956558079625247,-1.7347844361405258,-0.26929973416808295,0.2632771418685973,1.6840322047586085,-0.1951681517341317,3.7440733094584324,-4.55073759856439,-0.746994219165213,-0.8016877671609617,1.58346346516303,3.65870710342886,3.782686139807831,3.249977007238753,0.8087836768180487,0.9254408489415678,2.4791115942538013,2.5758620737601046,-3.814592347688211,1.5657900876792823,0.6771459996890785,2.620436654395048,2.26645787970062,-0.9751693267005637,0.6690694593161606,-4.856806350318072,0.6309495641632399
2.9877992923615633,-1.6124044456877584,3.655299752078074,3.709203612002355,0.6836840484324425,0.9940528919439382,-2.200042880879642,0.7449880982338861,-4.721217186016346,-3.2271132459610663,2.3721726878922613,2.8201714953029278,2.7339421217484734,0.7221254416213743,-0.8694559727075681,-3.9709357686158624,1.5241115083988488,1.0105805051194858,-4.03876850945817,1.118827277971012,3.746019175831174,-4.985931775180567,-0.09415412358631592,1.2313591691728574,-0.9495769216373953,-0.5992741335069258,2.9499865935799816,4.372749099027137,4.606454066791059,-2.62973210482956,-4.490692575027307,-2.2101911557739213,-1.525109417523034,2.0224620650879093,-4.604059769109906,4.257998480150796,2.332476806154804,-2.8363522988254757,-3.0899114529224936,-0.4372211799854169
2.963394414867672,1.0867220976591145,3.9190177425382746,-2.980981284840312,-0.38447363812362756,1.6526024443296192,4.611804111404949,4.594520984041372,-1.222659861478688,2.290644581147242,-0.8363739407942319,-1.980337595835635,0.29838715336403254,-1.6656970128420543,1.9101007581554539,-0.014556037070895478,-0.7900742546319455,-2.1274312768128674,-4.821139669806545,-4.736235704372115,-0.0679788942060453,4.775025935675002,-4.797850382746283,-3.9321258131154253,2.9749904587256024,-2.3450343872591057,-3.767723007190571,-4.442104525537316,3.224079523550232,-3.890958116600239,4.675208153034525,2.969926077940257,0.9348400269157402,1.1344680815068697,3.9483186589389856,-1.313140379508491,-0.7426452391329894,-1.982803662026173,0.8667560171753976,-2.018123183809099
-4.882807657293708,3.7499493854871897,-0.7922081552367608,3.221313584647147,-4.749559720629473,-2.7922871226113513,0.6785602486083144,-3.6924685303036484,4.480520324201201,0.9044044265433104,1.2892192976599688,4.855737247845891,-2.961425441774297,1.7836503995596527,1.8823311301869197,2.473439126648204,4.689945479671124,0.787595860423334,2.9023744785196026,2.6825622343304047,1.786109943274771,-1.8789613742092826,-4.144666909313596,4.600140136772605,2.748868364738702,3.324329163677401,2.470347924201044,-0.14488552619757744,1.2120940199788883,0.2705080461840055,0.1257518117729175,2.8575449036514913,-2.6179004055570725,-4.475958239827531,-1.4271506189896277,3.343480571520182,-4.864818261696077,-0.8180735538707742,-0.9223334483774952,2.4054934705530284
0.5857168400888115,-0.33438147818913766,-4.7154719431824725,2.479562661865665,4.64114550893845,-0.5536464962591978,2.3044397546309083,-3.8830066847406792,0.3870473428347978,3.5482521115444445,2.5804684142316106,4.383704749654431,2.7588487819105048,-2.0299451273401434,-2.240016050374104,-4.646994059723342,-2.2056589216653344,-0.027946986472173307,-4.211345727799089,0.2009820259722641,-2.1450006922607443,3.9181813963633676,-0.9301011817641829,-2.2978147429097846,-0.2700298431763333,-0.646698816098981,1.6941629014617217,0.22750566666822536,4.281040334882203,4.730146313373471,2.944839795409452,-3.7183367492703012,-3.0142098726322635,4.542432362252622,3.508800441752692,-2.450627092160361,1.1893577573248306,-4.401567117378068,-4.217513161398496,0.9253741291487749
1.5601130267753565,2.4576002295072925,2.079416753636899,2.2658294663089285,1.7246440505483394,-0.48383101592470545,-4.280729332539027,0.5344883190693261,3.0526663074656177,-3.6384433653005894,1.4133796105841459,3.23323556875887,3.01729247326627,1.58835975637348,-2.680166388764911,0.9937194341011102,0.2757066595747757,-3.1108719402728733,3.871426356961159,-2.161364962646587,1.4514813579646209,1.0408358360580108,-1.0918747112557887,-4.139553770831098,-3.601444308296501,-1.509487184938005,1.3553093051519083,2.9965493588599657,1.6481406325871202,3.643633958927314,4.154666158851066,2.830134558848431,-1.4158813575528155,4.9127478683820485,3.9770008381097313,-1.8253840373075123,3.808468090457776,-2.4976369246445196,2.6051076586737043,-4.761979365774109
3.6797265611273,-0.9806511931001776,-1.1461233255908434,-2.330837152908782,2.329064615936315,-3.3060986147785543,-0.29605369956457217,-3.6023397298264515,-3.335462717338357,-3.937389979642369,4.323616329509424,2.32509674720633,-2.1592790413350507,-1.002563018563853,-0.6962533420139145,2.08487121434578,1.3131405035208061,4.943968735144024,-4.4982412454647385,2.7826034433885996,-4.173059867089326,-2.815188611449922,2.0905526502077576,-4.499216834825526,2.2230199704763267,4.681316303134928,1.912492317154289,-0.017959730580516364,-1.0358548278861517,-0.5572610073232394,4.096912226719073,3.7109214175542284,-3.645165468480349,-1.5732086576660342,-0.5338848593870775,-0.07339011180983945,1.7116125332253382,1.6159981098627476,-3.6273556526305084,-4.324517356035521
4.101253843207557,0.5724074665419865,3.9268737237431637,-1.3234004220233553,1.6266493531679673,1.092179412009763,-1.1040439000974116,-3.4211728764569482,1.1413050771902844,2.722480827271765,-2.4744075514215815,2.0842227686559216,1.6515387192196327,4.702338105464218,4.435232356641997,-0.6553290889599692,3.3524300296148404,-2.2181195732218884,-0.7867240875666202,2.067484420731666,2.531055621280755,4.829175942074976,4.673912639299008,-4.84103184116941,-4.416571537455602,-0.2172282797575189,-0.3989505654472776,2.374660966997366,2.2539187700004506,-1.0076209651082295,-0.8722912555232041,-4.367437037328566,-4.344428250264469,-1.1991502779273255,0.3875509962181116,-4.069709884383431,-3.6320564091034155,4.0600727726159285,-4.027590332841345,0.041768183321698515
-2.7125191256726406,1.5000570784053284,1.923793792330044,2.818464060362013,-0.808737426081894,-0.30832332033294474,0.50267666297162,3.723051481535963,1.0585421214547894,2.243335694239783,-0.39143664861836225,-3.322427324446371,-2.77650103116174,-3.5197213812781563,1.2788677975541045,4.406726632118978,-0.0775769019417325,4.332417202401508,4.537053151410127,-1.3847348382380806,1.713705654769834,0.11320953850023407,4.141572533576824,-1.6152576907073617,-4.814398685873693,3.5418290917895927,-3.106825362346812,-3.550396719203502,3.979531049480361,3.443954057831874,-0.16839362602246766,0.30816357760534885,-4.101828350352832,3.081264004678264,4.26225261481466,-4.804511328339581,0.1995032769816767,3.4465193224755915,1.3017242685313413,4.9205454674830875
-4.634854748254709,-4.0542086088335445,-3.205268707251463e-05,0.7283884863799024,-2.738891665646908,-4.490872072147645,-2.699564083977848,0.19168833401175078,-1.6109364904346846,0.06978159874436685,-2.090439662703463,-0.8864546434795422,-1.7990825652003566,-3.8182733964661035,1.0826841194693255,-2.7853814070579457,1.9831536130592102,-1.8538480190047189,-4.341379966885145,-2.2955299951919113,4.732860450376021,2.7941472835776633,4.022717857477694,4.87374796505647,4.713467636975972,-4.250467986432893,-0.4061590425868822,4.791083125986633,-2.0365774927290663,2.6387000725552854,-2.5535806749600845,-0.8924696909930745,-1.3393973202994558,4.688384097940379,-3.648889507794909,-1.3737298309383403,2.783503030220748,-1.1836510869695545,-1.0735435547596768,-0.24485529110391546
1.6872426746397506,-0.6770293423155671,3.5231913514868456,3.070766566359426,-3.9941741159586392,3.094236245062959,4.173839408853823,-1.9328006216405331,0.9731204763332109,-2.8355621525216455,-4.067361945169431,4.943300706317679,2.2896540060730244,-0.11822001293993445,-4.4708495867381846,-3.813644388373313,3.702684645101348,2.0990533447277056,-1.6069055998096604,1.0823722242016203,-3.0048591182240925,-4.5229467253800735,-2.968700278807103,-0.17861582046688262,-2.49885716620052,-0.09611482255226012,-4.049553346250293,-2.67712253979621,-3.967429707403702,3.977686540664841,1.596783631717531,0.6934021917659603,-3.8967483018047813,0.5034055897491276,2.1612275686609648,-0.32118793987572847,3.8290581345115164,-1.1340778900426471,1.80217303415923,-1.667066101744226
-1.0643900228783854,-4.4357674808379635,4.238432237239209,0.2360779253581935,4.398710032116391,-1.5255866023189406,-2.532229784687629,2.901558969444425,-0.7980790283911583,-1.9064628976823639,-4.681915493575085,1.4491280181821597,4.008218740300251,3.534427160979712,-0.7126269643293179,1.2440939953681687,-1.1366633742110337,-3.4166168725587216,4.11079565480893,-4.791489392120625,-4.4734223892383955,1.0580887339066738,-3.823967174180019,-2.847411303553397,3.313187530030678,-4.648714491667043,-0.07958577059952354,2.4119056191357053,-0.12655484703333553,2.2098183826673576,0.7033926147567815,-0.8640975787594032,2.381540439449198,3.2028321847981207,2.441101961122593,-0.8152655090722929,-4.956724419334559,3.105844730608215,-0.8952400114572061,-3.4277696761824883
-1.0794391121450175,-1.4422877550563467,-2.3694775908633776,-4.648159338848856,3.165925946211832,1.7492632837953392,-4.270124416544424,3.6476290053445286,4.299131692614315,-0.9912145361308458,-0.4625348661665889,-2.8942524019176457,1.3421594325089314,-4.502831506958372,-1.611768605283006,1.9401374356757444,3.5784124728933726,-2.560589013080387,-3.96091541092719,-1.5307961961474836,0.730742884328607,-3.8012653791050073,2.837076047632161,2.928730601991427,1.1121628307986997,1.4892130244312929,1.2593554823311246,-1.222947515589719,-3.5681361256032362,-3.7251416440113996,-2.727750376890587,-2.2964839512224318,0.498867367657545,-1.8836426484830344,-4.074973766623789,-2.845181015423658,4.618168443690337,1.745552508374189,3.0598192742668076,-0.297835775310606
0.3955661619861708,-3.3862422343642113,4.131428889431421,-2.322851515208347,1.187366935001605,0.26260122391492935,4.826145524518569,-3.8649184348380734,-2.022335480019124,-4.74024516968522,-1.1526280488538938,1.9859386918135735,4.334711408354121,-4.908044290662029,-2.8107497377852844,2.7922557496948066,-2.8542722639022218,4.039790520982786,0.6502214989008559,-3.0458514616755856,0.5893857595494403,-1.2623403785727074,3.296291650993231,0.49107208636742694,-0.8928707464305674,-1.767971142032985,-4.2211465107080235,-0.2218289406603855,1.7793361793439093,4.094320302678776,-4.959353182015124,0.4335023831501248,-4.447236329809509,-3.644763694375241,1.7797826384883875,0.04637796869586186,2.264714201025665,4.874024057614125,3.286200201462396,-0.15850137474957826
-4.7860020189738295,2.4008463816828005,0.5696063702861949,0.4339258253729259,4.249305663581815,-0.9225416761298817,-4.572281743667975,-0.40083908024849446,-2.5618140833337995,-4.533915221690292,-3.262563154155691,4.831129535176649,-2.8681604396910587,1.733730529933938,0.11884967528510071,-3.4618017091349387,-2.00908705371384,0.965976065198074,3.6349660115431632,3.896446077037849,-1.7423956499699624,2.1196626859228287,-2.2598882084662195,0.4575711234031292,0.17174630524797685,4.220986257939989,0.659797556416426,1.9273335804771365,-1.0152307469246793,-3.188634269200492,-3.8484085993213077,-4.3176097436862175,-4.92954488433937,-4.673662947315038,-0.9152805884017816,-3.0164220944284192,4.142639994602517,2.7856872585837973,-0.22125404047242814,0.5323086627716167
2.7459468539408602,1.6336722258531982,-2.9866288546035964,4.721387243128049,1.981366838665509,4.852610106718984,0.606474584401905,1.872220916708227,-4.444919877551419,4.059349499883256,-0.20843841687249487,-1.4126031724494892,0.9885802714367493,-0.38442820603176386,2.083519088948462,0.723480257331647,-4.293830255198859,0.29413851313943695,1.876984235131017,2.403239070053832,3.2230917390986917,-0.9003961454110581,-4.918571373196907,-2.237044310473027,-0.5849860121630339,2.6687369216376986,2.867665209997381,0.5177314585448034,3.3535472879302937,-4.294298481908291,-2.119097744613034,4.553916420541809,-1.8923618989791695,1.2412344356062244,4.702548484456617,3.305940077458967,3.9218573683323417,2.930451054863794,3.853962045037896,0.855562465733021
0.699923493169119,-1.185838996175299,-0.8636082735171176,4.6205897651650165,4.8751933377629335,0.8920289795634586,0.9966217562189819,2.564816211712298,-4.952455767535277,-3.512949004205348,-1.010756602858684,-1.1162490798826372,0.2245067053472729,3.6295219170465938,4.559695114262263,-4.368104128456647,0.6149987355483635,-1.5913431929628725,-4.279971071045768,0.6914645140675022,-1.1125336967470423,-4.692059962920848,2.364929427422698,3.499792495966421,-2.608427296372228,-4.193258295401929,4.66164297719868,-2.6706947562123635,-2.1959712000720044,-4.641179166134572,2.7682556239153753,-0.6121405505055062,-1.4439122544060394,0.9286285804301455,4.235047966485377,-2.8782231240438163,-0.4739162749033907,1.8922122360313214,4.003295634893702,-1.6492882188092417
-4.863292025757334,-1.9678150131409424,-4.73527213942373,-1.4117518085899228,4.193119473227972,1.9363156904719645,3.2021752270319794,2.6198543140402917,3.498921963073423,1.4181059466309867,4.625098182783033,4.494013700448322,1.0459781662625423,1.1018746061438627,-2.1461959878445382,1.188954387258243,-0.5201753508083211,4.477084447045222,-3.209864834427952,3.0682653017655745,4.061271522957766,-0.4464295882494156,4.5090999118647375,1.031181392845327,1.336940997407698,0.5371950517623691,2.5794099391513727,-4.810958422775319,-2.7250673037678945,2.8423598636357896,0.7981699736437982,2.397344099264619,0.9501376538243314,-1.4308527722775821,0.7146379920634658,-0.6816175205623534,3.6316030059880546,4.024884660650759,4.553746840288845,0.8836005742008073
-0.6440338421066976,-1.5381995673728923,0.4134407801241853,-3.0141581454645907,-2.17994138294086,4.791792074789097,-0.4942791493187464,-0.09910716030547206,0.1697549330441115,4.950264568077783,-3.7262617053218294,-4.4830848027752355,4.195582258033157,-0.4058139956390834,0.9749756968514021,-3.2862397344260064,3.3842763185682596,3.9966988357366713,3.6532674486268526,0.32475959996647763,-3.876185092965526,4.7548814635037076,-1.3713758162859517,-2.9693867436331303,1.651450512427508,4.835199681935158,-4.250039824907713,1.6283250736216157,-4.516087136943312,4.534570128442223,-1.2684469792892705,-4.891535443357777,1.8401906537251023,3.1207475019828372,-0.5536943818322246,-2.9432344372217853,-1.2867709081525907,-1.096545911471702,0.8198089856553885,-1.340084180157843
3.8262402770352058,1.5751670885020532,4.338709196393253,4.881646359765217,1.5904804501718157,1.3165654627123837,1.5417030508716847,-0.36690531742464483,0.9018862611215379,-3.307432557811564,3.300115024432513,-3.2592323844326074,4.91198309301495,-4.803987395975203,-4.711994233962367,1.6710385788374635,0.8534357421972771,-2.9579859479653225,2.8520870380337655,0.25168857765332486,-2.4257076594702283,-2.327844366344865,2.820833188283732,2.558433544586757,0.25362845737310735,-4.786143095199185,-1.907013019040329,4.346625921797232,0.3870467274410334,-3.253642748664014,-2.444494928805287,1.8139679942506612,-0.5559709931618046,-0.18689557173752114,1.928899138888208,-1.7663663419865863,-4.333615116575795,4.11262507423295,-0.5751896917149404,-4.917507179514513
-1.7424404479628368,4.541862360384773,0.6289154799827497,-4.164022661062272,3.2020028294976566,1.4205959704624513,-4.607709115153596,-0.10687413639616583,-3.21618042543507,-0.17224076003079158,-4.349418348587459,-2.359684627122929,-1.1316440060627087,-1.9716799813754067,4.730836203090769,2.7676196302487446,-2.9800159174871634,-4.220698445252229,2.2860404964484147,0.4511757087788526,-2.5435403206864544,0.5246194157610784,-3.0913707026453174,1.7825152199615255,-1.327735020197271,-1.451942427960371,4.070449952364793,-1.6214635566785391,-1.261592566374957,2.257616252736189,3.171612673759709,-2.3582221997799033,-2.8938550849181874,2.998296221050576,-4.466128948517914,1.3687203501000624,-2.753605337404511,3.165286677652958,-2.7857597019551643,-1.9299502194888554
4.449568104317553,1.0501409109969018,1.716555536127382,-0.6733720495078082,2.2621954085623495,-0.7951311685806575,-3.749641342534437,0.8296319018148512,-0.8289411896227019,3.315713142132836,2.7718664879397856,1.3404058000605046,-0.13315892845566957,3.3517925141456377,-3.919462476446678,-1.549398342744099,-4.805746855918152,4.69210723429266,-3.9249376506996367,-4.709814107450086,-1.0709205773643222,-3.479857792922463,-3.125674528036698,0.6898500812758428,-3.529436392090232,-0.12486166610837834,3.8597445573466516,2.238914913867954,-4.051560423460945,1.8972247291173607,3.6373741036685097,0.1294513676840312,-0.7844483878804649,2.5348675885621583,-4.483018807404098,-3.493867438939842,2.917260416163776,2.5553914218599507,-2.8424974286771767,1.7523953749709884
-1.8820537228889411,-1.3581728423998896,-1.1984995631861977,-2.769066793688784,3.138637241981577,-2.3776542163271275,-2.71733682871448,2.7353718392185113,-2.602676587717978,-4.28988244986296,1.0774857596473675,-3.763447201868653,1.9507158001838052,0.053636164460272084,-3.052209186675559,3.3794414198175673,-4.575544020142921,3.8760570296531878,2.840248463532566,0.8894869254745394,1.918822835564896,2.244734833257591,4.85639371171278,-3.240621191864485,3.3610700482960976,0.9388038147561488,-1.7331377173559233,-1.7584667522227573,0.6719908262208394,-2.1156160532692034,1.2700716385821478,-2.4988953128328943,4.842159237319377,1.8344366886401398,-2.9820309654862527,-1.3306868064560105,-2.5560085027393247,2.877362667009585,-1.7287585367146585,-2.4227183717952396
4.5325471864816524,4.455076441536431,-0.5995198179434329,0.7531672850937063,1.755766383158849,-0.15934224022235366,-4.00198709406247,-1.7637666144326385,-3.7487716590497873,4.266697273916369,2.700349965954196,2.8261299024747855,-1.8264902968310714,-2.817027568719645,3.7951700933552637,2.867137872454439,3.2008967290119372,-0.7865395564940618,0.8454037827709895,3.9703710669074574,-2.944988650404018,0.5797415774154153,2.4551337125431445,-4.521325748270031,-1.9656981959526423,-2.3618694802769262,1.9656301539883616,-3.31340586144702,-0.255579516393726,1.2811086638896496,4.233610745663775,-3.314969089471919,-0.9578133032143263,-3.665587808205392,4.672460333987802,1.0264520432024575,-1.3573992448564223,4.260799917125812,0.5083862192843025,2.6384534779788673
-4.260393183510272,1.2636244533746304,-4.8207534148138205,-0.3699644859188771,-0.881564463951447,-2.2571069477108434,-4.4065259325851835,-1.122100670361863,-0.7431055865503762,2.873232592062961,1.5673528499250988,-3.1450848144732566,3.4789814033867277,0.7873718701023851,-2.6596839097679985,1.895129794725686,2.653009300032445,-2.0873132751051884,4.218304302601343,0.935425173994533,-0.14316147404657542,-4.361144933996239,3.76964233902369,2.710493852404338,1.3091935296684447,0.8354612618800648,0.7853557179812354,-0.7207974568197937,3.9105162347105136,-4.967251673261708,1.8362548471124294,-3.9362570001650217,-3.8200192069528303,-0.28360257529404276,0.3138745324758361,4.9923368543901,4.199572488693503,4.953217633202559,-2.611597715750615,4.387080896356441
-4.438940322050141,-2.165859209601955,-0.7572920377278578,3.529632590681544,-0.18006730701654128,-3.598822436080886,3.392526469386276,-0.1271436188974171,4.2182285733484,2.2210359415344616,-4.273094998246942,-4.119121936061255,-2.3021566507466744,-1.5864668098674723,-3.234349706441517,-0.1044847571069667,-4.442653149824446,-0.37986437012725194,4.489485383696799,-3.644762588743415,2.655506630527146,-0.622530253829888,1.1029335565801262,3.307429819374324,-4.135970287137979,2.0305912925406737,-0.3648027161225027,1.1240413322438814,2.400092013515117,1.2393256940363129,-4.167801208828636,2.43712407583216,-3.5295084642192185,3.669077574426245,0.9804349484226407,2.4351727284846794,-2.0195643149066433,3.9482827254109765,-2.0106423125397073,-3.1027779512656686
3.5506007519961003,-2.6255679779175662,-4.338834140003756,2.7866379077020227,2.045017546461554,3.5629851366265175,-3.5631810336687364,-2.4048778365759853,4.087315451501519,0.4387355275757834,4.729561571656575,-1.1742267946697842,2.5275402391016657,2.537212920886266,0.0011179135130561235,1.417952260494891,-0.7094058656384057,-0.4348826291592829,0.6227202950998523,4.407320271989599,1.7381527557957197,0.03161030572194079,-4.722475892853955,-4.176081567023829,-3.1554756877058443,-4.770024773077625,4.340543014183114,-4.711894885151926,0.3709003574885861,-1.1593649084363888,-4.714807724899103,-4.664172738148816,4.087915539065586,0.7009880319118276,1.5972595279186823,0.4241572851740303,0.3987173618176243,-3.111599147013897,4.059056132689243,-0.14165101357582444
-0.9017906166803087,-4.744386456574958,-2.9267690890659823,-0.41287055766710345,-2.1215946306842492,0.8065430385854633,4.2754872240241895,1.4092749007532737,-1.8501727466271003,2.765106875347932,-3.2387345976509483,-1.7639405664005587,0.10147490098584022,-2.2185578580198846,-3.649997856020986,3.4687373485571626,-3.947457186702972,3.1254267682118773,2.6301112351317784,4.090986106299173,-4.308405187417895,-0.6308384977898305,3.1848457493318456,2.38665167209804,-2.1169185118566993,0.40818671030085607,0.6316924792375431,-3.4137528574738263,-4.027130924073619,1.3069609989507782,4.599221658523044,-1.9070823793165719,-1.3828112886785071,3.3294797604361843,-0.8435194403680821,4.541374646380836,3.4670705232940424,-2.203205279581532,-1.597864881208566,3.2990366146857966
-2.9820841658711825,4.243869139360658,-3.9771821980797544,-3.9547136429044163,-0.9373209601331114,-0.8279003040227266,4.08196129175831,3.7535994802875265,2.937160589249644,3.3444201750496987,-2.415713335656241,-2.854719639714878,3.866063969620976,-3.0463898087642645,-4.833419095434845,-3.889694727197,-3.06301892985009,-1.4819939739895416,4.649074635081167,3.513131360529968,0.04897816395645993,-1.4004135231400285,0.7376206842952353,0.3120489965593354,2.262297316393105,-3.931437870719395,-1.0706900534068673,4.428853574582623,-1.1691613641892422,-0.13089773184751508,-0.061133689414893944,2.7826057116786673,1.157659733536132,0.057540982190833034,-0.4235196455122834,1.2282361973697942,2.8225898182399067,4.55844438900024,-4.714468071776685,2.799325172282435
4.474436105451677,2.830839128529128,0.8872417283466909,-2.25924614385057,-1.2497028499627252,-3.3341058594125297,-0.13038954287607218,-0.03503907490464986,2.826139482034132,3.6272988850534755,4.465508218095781,3.404865318495137,0.14392362928049707,-4.301524925665104,-2.357930546233584,0.3902674144458773,-2.9028482447416897,-4.227280960410656,-4.524495790957056,0.8698620405884085,-1.4913545564201853,2.658090398922223,-3.9206999999552394,-4.050530114650073,2.1011265069458034,3.4967317585113573,0.7086933356127858,3.050937396411344,-4.990788868508868,3.1235231439552376,0.20691528275282334,-3.8693567203625006,2.0257963599339748,-0.5164202337029034,-1.9928092260683234,2.9582895426878677,-0.7965678936252978,4.914006421291093,-0.24593604966465943,3.6464039185862944
-2.915722117305975,-3.135225173274338,2.6449266203733703,-0.053976186926139036,-1.1723170671051153,-0.4680432973367301,3.252325546401636,-0.6601520277079738,1.2745586057387719,2.9164640263312585,4.332273031659952,0.2226831091487016,-2.7051530104229333,-2.2835246200302626,1.9393798422908706,-2.4792040938399844,4.8121083403442135,2.9884591833722274,4.606706921538477,4.2973996755320805,-1.9196963470741855,2.502624308075654,-0.8504420685250755,-4.824085476849752,1.1559901478789119,-0.9119550204200451,0.07818115444258211,-4.019453879022446,-3.214518730853693,-4.327897238315046,-2.406244876026215,3.416930015234378,3.5662882346958167,3.580481233171282,-2.48259998243398,-2.999600050358597,2.673162146302243,2.54724555722089,-1.0895287268699039,2.5649848495862306
-3.803938442483253,2.3258968674413296,-1.7645982841909458,0.5950197363871244,3.748762218201808,-4.431323353213593,-0.07646381790914525,-0.20736105685206763,0.7567922829423175,2.997636133807694,-3.28145884590203,1.5663567609404216,-2.619944766493808,-3.1868930645387206,-0.6663173954100587,3.4981009077447602,-0.8142662789558477,-2.2292248073884773,2.5592715642001354,-4.188058705907883,4.552259620431302,-0.05727054839366552,4.584602736218615,1.446087791195807,3.2467671028069436,-1.394972515112582,-4.984214565250149,-0.4025165515072775,-4.467506630666685,4.217402044447313,1.2125427339193218,-4.4687130752771305,1.2725192250855848,-0.8543005861354285,-4.303274506308091,0.8623030031604584,4.566291918521724,2.5761347918435575,4.147497562659863,-0.8531505633282235
2.7025156914915414,0.07057710505116788,-2.1665228807486163,-4.381693363047914,4.59504993694426,-0.9341485393616882,0.3096503754811595,-1.6949508599053766,4.532595778507833,3.4621707043624497,-2.063225597470396,2.7936769353849824,-1.768222802494945,1.8010523338262328,4.996739048833954,-3.2389784753889836,2.7114204516554494,-4.614682546726213,1.9011585699701428,-4.976887623348881,3.2469197541173394,2.9499509855633796,1.2676656223479563,2.2393532441440147,3.4227148439335515,-2.6483214820018763,0.41825707769016063,4.507905544594328,3.533531895670613,-2.514527838157744,1.777071047100928,0.2734829393361693,3.9829030323751944,-4.074663258049691,0.6533046094522108,-0.72377280670168,1.4787719046781493,2.177634104200312,-1.6773104077155239,-1.6158070186076583
