fX
3115.8937491567467
2213.857458159066
3066.0405238812086
3755.866771103379
3096.5952818205224
4284.842755448905
3412.714844531985
2270.1120891248615
5438.172367117892
3939.838813508271
2982.8249055306746
3541.0811288044906
3183.1800623034983
2255.6980566508414
2200.6354672114503
2124.5041589811212
3080.1566353913795
4197.007871710274
3279.531284609384
3759.428926898481
4364.817319950036
2854.409133270556
5785.1738215111045
2922.199420335524
3481.6537006033404
6222.15583877204
6090.227356713256
3787.649101847905
3382.335548316348
2656.3123873817985
3676.545801443906
4544.159183183427
3151.558312035631
2807.4411790376234
3148.0716063185628
2820.258978229381
4206.560893419236
2967.281683909807
6234.3225797971545
3762.9536514501274
4331.431169200266
3069.8193411959246
5921.90579001385
2751.6090968986887
2828.584282405097
4199.831345329522
4824.303493318452
3982.370665579327
3527.9233059270045
2920.1766167984465
2790.541939054594
3946.909639518321
2215.43388728121
3200.0425855246126
3817.751718722001
2514.492334606998
3202.3472387723114
2856.3056025860064
4271.282044711378
2602.2645306230565
2554.638501103114
2837.8906532439823
3587.7853776469374
2924.975973276273
3440.189878100417
3100.5216942085876
2135.082733677309
3214.3650862796226
3126.5176531898046
2775.316492520251
4413.372140419895
2266.239113359515
3043.7680209404325
4993.271574728147
3643.76242974778
3355.931707087392
3230.1788617606962
2473.841529995638
3513.6019236068514
2662.2322053773187
3344.621817529743
3608.840969372143
3788.8411538968094
2652.469769864774
3248.8939493269863
2870.053577297376
4283.415198460596
4476.136067111556
3989.491748702641
3710.80053206478
4890.5411023552815
2945.9777279935756
2471.1502753628274
4385.563057759446
2801.189235341799
3178.9579540301556
2259.293853129095
2854.0262855711812
2982.8683837094063
2578.632194409988
3653.483448911996
6755.18552731607
3361.9695396996326
3057.00837251332
2828.2407991443515
5599.279535930907
3020.683582058568
3347.1078537479566
4399.045403170682
3221.3398715507506
2961.2837079567857
3019.686830028842
3842.718081471061
3825.5303969701504
4210.7803284708225
2601.81723947155
3510.3891019571515
3361.121969876135
2009.2014857184292
5904.629698492482
4160.427795874549
2634.6890243374332
6458.7035125486445
4254.927991513379
7409.584862082431
4590.790154182239
3644.198812231175
4090.48298459469
4864.252035938064
3954.004460025268
2355.7361308097297
5679.074181911546
3433.304127173325
4526.26294115705
3148.3862202427267
3331.5670590250497
3852.2364432136305
7760.246249692705
2732.1116490918826
3926.683627232057
4340.5260995935805
2698.0016175156293
3074.594600432315
2551.4221953543674
3611.995843280453
4146.529657026097
4332.513177552517
3785.5783906768474
3118.152224547531
2971.975090192825
2901.6538757100247
2018.8077441459216
5266.969606548086
3493.535560397652
3606.960859217562
2491.392985516215
3858.8105622937164
3570.0888436109963
3045.0561901754813
2353.7566548872937
4334.6104435639945
4867.579885094409
5358.106077884763
2147.690720287972
3519.4257082739155
4226.17155037365
5986.564167306559
3574.304347684035
3643.8975358118864
3795.8401705049423
3038.1732258435263
2206.263938614848
3478.8421630174626
3972.4902900859884
3673.6525458959172
2225.913056521025
2226.720314750825
3736.7812335550975
5699.556613514133
2807.8907257555074
3112.0109052847947
3310.464347772825
3144.4690703373517
3819.928364014689
3437.147975693028
3614.061403231522
3054.329089377914
2950.390951830209
2292.122036490033
3790.639636725165
1968.0887951799843
2836.883770455091
3296.2483515223453
3206.494407810258
3236.1637361976323
3832.588094379647
2675.678023009187
3825.368102055702
4019.7646026108846
4609.096634651723
2788.0864766078935
4137.9452197517
2151.570716713668
2920.505915714916
3164.6059793355985
3991.0859615996956
2532.730222713263
3653.8103681141833
3015.212681611439
3463.2399851964983
1690.4573607344264
2321.1178783845417
4119.842855039552
2966.8035199897286
3452.0704579451117
2394.190744803921
3807.698330708111
3788.699940250149
3356.4621316554917
3533.3620879148316
4159.48916091004
4191.144250530918
2515.3748873048967
4495.698604185388
2818.4484848636234
4276.69827360488
3467.134817493954
4114.584836932774
3185.3253786122777
4822.552831071118
4312.757460611795
4451.169663615113
2884.0566856774267
1792.441113971545
3169.3813911733346
2835.307225399304
3573.727464500883
2976.510699252853
4074.823504960074
4352.893373934513
3487.4179723810644
3135.3616792610333
4192.495859789071
4306.206138901682
3313.0934439233197
3059.106599382298
3407.757528762375
3779.343842779533
2884.154462923975
2900.087394171704
2861.408236061471
3011.0664053837663
5389.165648681589
2786.833838307052
3012.3807906178413
4257.095943138613
2833.1386008383165
2285.2152562584333
4590.724547680875
2683.6328272357036
3260.1651788837266
2579.8563788375845
3138.9306352074304
2980.8267009871784
2501.2734577243828
4682.903518563962
2236.20665827873
3039.634802841339
3981.3762144326706
4315.56650696962
5080.167451040044
6275.597452671307
4231.962730972359
3302.8059325421923
2483.4702369011575
3294.1810475319317
2529.0936804793373
2573.2078654507836
4474.5307231396255
7263.019875382244
3209.718761534104
2818.3007180116197
3569.393922061824
2976.2961498548466
2658.5619374759117
2847.424850434058
3627.477521056249
7205.481442855542
3621.1088553122004
3006.488339721619
2979.75871476188
3552.9241517127525
2646.6952439296497
2717.0927837354407
4696.738496839899
1713.9488573107187
4043.0607736967313
3670.6517901433917
3716.665867136895
2646.2675256496595
5226.47263050078
2961.515371309017
3339.230321413629
3715.2381320988775
2224.422983660761
3276.8595236169967
2483.922033918029
2900.137777544715
4474.32358486392
2913.918325373787
2853.5796243803416
3155.824632114054
4627.8714499253065
3200.746485615583
3968.449698048202
3996.342568706378
3812.997950638999
2485.573912018789
2839.832183309156
3112.6056428958277
1321.111408526603
2474.2615766545196
3135.872926697791
2359.568714128319
2799.2530731390807
2749.7789057220066
3966.7136081471485
4388.370927311172
4578.120324351686
3211.9241625547565
3188.3280456903876
2598.402989427955
3668.9961830819298
3363.5962886693173
3352.0030358476124
3413.379967944436
4201.926017978749
3206.1537245263175
4334.888703655633
4568.706254801519
2917.6538878750794
4386.571327742441
5018.431684506545
4113.734579079433
4670.543283099439
3784.1028937675514
2997.3483492218033
4364.110714265305
4237.770905312715
3659.574173139421
4728.254746126931
3419.192550712407
3737.296183516701
2582.033027872402
3337.746494353179
3190.7414032206275
3246.910593352461
3575.461304357488
3686.5197849985902
2986.2919043623006
3672.0710744542525
3432.6756863166943
5328.354236882445
2931.3006258092123
1867.6490421548388
5898.666238271706
1716.6110205375164
3209.3710852492136
2224.1871091413773
2437.5870817768323
3795.9397111045982
3024.745771896188
3271.481129773522
2719.5028637057612
4172.356495039175
2841.2048584467216
2646.599665623351
3473.9148690337547
3446.8491036248665
3177.8228869720288
2408.9579771403223
3528.570439248129
3951.3447535097694
2935.966316708779
2686.8782485528586
4435.692450288363
3602.9052515547965
4404.970547033984
3511.6266713550685
3827.3146138785696
3608.3834482054167
4347.297694711366
3271.9659769268337
2283.9762588562367
2753.8851694372192
2564.513544755941
3581.1894032858413
4241.995061412088
3104.931540259564
4356.046808984519
3712.20753424671
2479.9361800033903
3492.449335128239
5812.910886709738
3248.356932684642
3398.99353140087
3032.138278831033
3315.18515024839
3725.398252241034
2398.1069982014697
5117.469338268998
3125.7851575808604
3107.854685790322
3714.622364793816
3832.47394514512
3780.6808087756267
3639.469443274725
4042.3331604432065
4896.884037082716
3342.362513743653
3757.328484237447
3143.0595160712705
2698.0752052070297
3663.828493889402
3609.1836777336075
3670.136404608528
3479.9494683870503
3165.2108315256146
3329.8565699592045
4413.105312032127
3507.1512650477184
3832.5990697111433
3413.0053471969313
3195.093885710854
2335.5215718367367
2950.3061912764974
2477.6062769347377
2906.8224514777885
3357.543660349988
4873.917520825937
3380.146212901148
2703.358791644308
2558.3511819374794
2703.627310179983
4175.371007703665
3035.5755691125937
2404.062981615677
2945.854068230154
4119.520101711664
2238.983064182087
2899.332857979126
3713.309947433258
5040.873834557353
3480.6845078263173
3450.0041144784122
3797.6426876584424
2783.098177300573
3549.710411853134
5492.113730424348
2835.874786393701
2661.270911013789
2979.916911095465
5121.120591141407
2882.4233118749175
3416.2423356404097
2443.8470863198045
2723.5277315629733
3561.969816988239
2121.465768430883
2408.3371560162514
5117.020363930911
2483.2470588082733
3237.322015335041
2873.5528399759405
4298.428137590193
4475.2789860342855
3767.9503988009774
4735.071100929501
3310.4273918678814
3158.168088220134
3581.776838440375
3072.9411975268767
3839.391764449633
3070.8178703131643
3259.7348989716716
3066.8641385065707
3477.851222613935
2652.4267549939004
4704.910304433686
3113.772044031574
4596.139128345633
2934.314546909468
3195.514976383121
3645.4683647410143
3489.342847225453
2826.1740578822655
3169.172675966232
3628.830093967133
3431.7007864136567
6201.255138903354
3116.9798201126987
3191.8213368988313
4650.693277088791
3451.8655123433828
4377.826417841028
3770.7847132692373
4169.299784132256
3832.994048889684
2904.3550332572167
3784.4438955411033
2787.646279652489
2733.664025067729
2779.035624677879
2397.017162488095
2810.4004736331863
4370.557771699391
4334.444851182869
4886.512342247203
4320.251323083518
2315.577545820121
4445.631414960841
3961.6298097924246
4894.963185329375
4845.702765692758
2309.8770204085113
4095.938384298803
2353.6332589394956
2323.398695791662
2783.6113919001846
2112.081787827694
2512.9329883332935
3723.559308252843
3936.16672832761
5103.692349934698
5686.6673205758525
2453.297903940063
2317.432617051323
3192.9256437579797
2759.5750078118685
4776.921828560733
3658.7501408173016
1560.0441761177324
3461.5825157603845
2030.2697237223072
2586.8821661436414
1922.8644399642792
2581.9786958911195
3733.624282727159
2696.817975242407
3596.3735598218773
3859.9612631465766
5386.136065789492
2639.265780174946
5069.030442114318
2847.100367059557
5674.216022396727
4519.229482525187
2695.809937149427
4163.760732618125
2510.6951703623686
4540.9565466228205
2424.7101449934503
6257.135684497579
2835.732922455734
4882.432412345961
3099.3899895647783
5176.154209328325
2973.5649498606886
3480.292973168482
3372.5449398060964
2844.849968850668
3747.0071065092384
3582.6626499723156
3812.3963842942608
2618.762777967981
4594.63628908776
4342.574396454921
2760.506178528447
1650.9600764002207
4564.505046108744
4079.8906130758437
3739.438510175738
2540.1187581120544
2848.141987806981
4591.854828821702
2955.9307371245786
2241.508572832779
3871.379369115219
8043.174729567706
2418.6665417444065
2648.4277900457114
3150.27229357761
2758.8624956096132
3204.5865358853844
3182.344241023859
4139.107458283296
2462.1224855675823
2345.254244099404
3619.4801213580563
2710.8833562494956
3967.2951186348523
3076.103700887262
2867.189094469738
4789.234595397743
4367.614454193534
4008.410116197537
4044.6158133807016
3597.5935845352333
2648.192829905279
3314.9713201086793
4861.956483495676
2955.4022270076207
3672.596030857652
3305.1438701898887
5070.044395552297
2181.448050177593
3786.892916630057
2759.2903252439573
2597.2415003892265
3298.8180421451084
3869.8101805161573
7511.06988845786
3738.932061056209
4748.688966434056
3685.3526089723496
4031.99609104598
3534.852841930603
2958.709579474879
4960.203218491475
2710.8956858496467
4487.818254117224
4514.223710934837
3325.0021499168142
4025.407531502421
1950.823084939245
3337.301981274265
4027.2209217163604
4526.850573753434
4225.489955809635
2789.1468280523895
4217.1851447513845
4063.581019339887
3260.597695526201
2545.7120511311623
3213.3853017988286
4914.078649144233
2308.691840927347
5135.686220095663
3060.119555958293
2829.9239794265554
4847.071768659118
2614.25111882462
2742.995542710211
3174.115945892102
3039.7029448375606
3766.016821339415
3729.6004719301145
3837.310623192462
4473.478726203122
2744.1014847813954
2616.9690865646667
2410.072319032445
4819.630439764536
2865.1043058575415
4165.588079947794
2921.40313702566
4067.006131486681
3043.1902599738796
3537.383325818674
2406.431602545268
3066.9707459878878
2487.803411024757
2860.9178565582756
3451.858467800284
3594.4131304703724
4635.840651000307
4481.8653767133965
7279.197736734378
2958.0527945986673
4791.963004516073
3364.40358764706
2668.9264985678824
2458.116650417222
2740.9866961396197
4427.289577565828
3018.730630819258
3628.755411519053
2459.5253479682715
2237.411311194957
2937.9610848856187
2826.7356311068033
2389.9591249887503
3038.3158089614003
3274.071866400753
2028.6074496701206
3973.3546247319236
2818.179260933081
7177.674082750294
5310.529716320498
2791.3312024225906
3233.2977299346803
3694.9481504458145
3426.175750777361
2166.8593744697378
3026.259308600926
3197.3537364812955
2983.346161642634
3196.1995735409896
2545.0677451406277
3909.8350278126177
2729.839962430748
4252.604829832158
2561.799015451779
3311.371812939585
3534.2286580541263
2445.4449716978706
3964.071030919769
4530.84183388558
5069.465494303523
3178.7882749020973
3731.038457065208
2863.451011070485
3928.08239786809
4472.604891830521
3425.5066532700457
2341.72114732322
3601.2454646626793
4207.1728548595365
2913.2789393609833
3560.8202534486973
2077.771899402599
2698.294443568162
3012.6514368824674
3115.3143806870426
3182.903867470066
2475.6808234818054
2518.569023868016
4664.425350471014
2728.0956140025896
3824.117108564454
5804.7044458592
3629.2170438592307
2667.676881919
5535.879455082023
3431.7879728602234
2997.447086795027
3224.614724560427
3660.510561039976
3351.224034024158
3229.1113753697473
3223.7954007351705
3477.0563457262324
2334.355127471423
3316.563373819447
3789.6002206666435
2691.038049667101
3549.5418178695404
2906.5752553249845
2572.9250319661514
2942.8996946290713
3245.1052418266245
3594.5835525478765
2551.614621758547
2618.2350395403364
3647.4155155704284
2675.5092271930157
4097.178723231299
2611.5617137575823
4616.744340000044
3803.9992021379926
3548.9019285837953
4597.2243529157395
2820.9904842594283
2550.4687765248914
4572.567705316447
3695.882952577407
3763.0460254985855
3236.0277887305883
3001.171492055265
2248.328369890098
4773.4068630062775
2414.056477552355
2683.4521648799323
4149.555376657435
4472.696496984551
3364.7772591725184
3358.024060209809
3381.853577427451
3429.3598128678277
2846.865855934701
2597.1406753243155
3400.3519221166375
8566.396380947454
3373.0332430525436
3270.550434064162
4027.2123850300645
4188.71476278478
3143.5759101444796
3996.638280774116
3728.811265891768
3668.5855417874795
3179.1417886128575
3793.593890775043
2862.6033674213077
3992.2840981195295
4339.487150855351
4423.290019207535
3606.4209193082447
2637.7908578154643
3314.809135789176
2678.6764359229724
4046.4405514365544
4563.734652867078
2327.5124066246635
2473.278011519321
3107.803937363864
3906.657415344344
1848.6366187545225
2786.7241439465256
3711.539572695226
3845.792373066667
3680.305823046267
3809.5207638859415
3025.510421167599
7567.763668129481
3101.0730488537924
2627.6712701564666
3312.3022647406838
4337.751407517399
2922.037116929969
4925.411338866525
3229.4277789761695
6418.06732223944
2968.1139694594326
2529.546157455206
5292.564231401942
2565.6160046098908
3293.1208391698647
3222.780121733995
3242.422834388071
3963.798232021218
3407.0562428297576
2126.5585507115147
5455.481675449798
1750.0324796173595
3119.2815960099983
3130.4926816327857
2920.317364242534
4274.096835319587
2700.5969188878835
3715.938170751115
2712.480149753208
3804.4134003243034
1990.2059879507813
2924.1494829939666
4178.378146663626
4157.94392754607
2629.0654408168025
4598.347391024687
3785.9917036137626
2260.3867506732413
4658.557799318395
2784.4348439803193
3058.7940005960095
3181.5762738865055
3379.0794401745798
4755.240601011417
2409.6644329041023
3024.1989562266785
2954.148126882869
4727.197582109377
7590.991003837579
4755.116684398778
2628.0820696560136
2900.7218777872
4302.186064209488
4071.4003288111458
2588.3978706935245
3767.826915612285
3407.016243245322
4583.1021713387345
2190.342950772853
2715.6237827196965
3593.833684202344
2084.5742494432106
2901.3232769208557
3439.923242367194
3457.1756337481443
3639.4814684533553
3773.4318076129266
2255.028651637998
5144.107287155314
4487.883746823426
3384.128260205634
2701.6122874432385
3929.118685840894
3283.771688531861
3679.6208212385172
3870.400149771261
3071.9511596005873
4217.235765133365
4229.830005851194
4019.7380370435358
2984.195609284769
3779.449176232222
6950.640558666726
2849.5901247169772
2549.6222212542466
3250.082830268395
2052.7273828404805
2575.322160238685
1552.5892965815954
2082.906673415966
2783.0874506728514
4339.244093815783
2751.6633068444708
3701.020289651948
2705.121806994099
3049.249704320814
1867.3837656504381
4577.940692013359
3636.648787720901
4639.021507361317
2720.9438760086528
2573.987632787132
3013.0527729484916
2820.446035456074
3298.136938729897
4351.560861344159
3960.299903309565
3385.279134188091
3347.3274649465366
3271.9564248952593
2812.5402962621565
2693.1412746445912
1638.531225507452
2965.3988967849273
3113.581682955453
3013.9423066233558
2837.2970710633203
3683.2853441346915
2293.4628488409494
2305.194313525421
2814.4199809491147
2909.592586154581
4107.589633272727
3269.380585615492
2614.7446171654838
3515.784038862375
3138.1287601697477
2488.147817801246
3873.442928271774
2067.557324018191
4030.691310170283
4257.209746032349
3243.4733507602527
3152.7163994954803
2915.0174684472086
2080.849583395846
4937.965719571164
4112.187241332948
6437.385992197535
3977.982992462996
2447.7417670591053
2967.763928262866
2663.423392326025
3083.771021947202
4048.1607442950567
3931.2832934582966
3119.6689684253347
2270.459872244648
2221.740205407357
3981.5452609744098
2690.1092235774336
2733.278703607013
2401.066279097322
2655.4007846829036
3547.3625618936835
2569.3508019574197
5047.672079516239
6003.503332747521
3484.0382239641026
2933.6043988198494
6945.416567817508
5982.24168357609
2486.273589175113
3321.1782851531502
3314.441801972281
3768.7772995031096
4177.216345072429
4148.300267378465
4798.631129271829
3799.421385581692
3370.4639223378413
5371.955482194605
2720.098345868327
5662.421606233637
2195.56431535187
3179.868837045566
2480.7235127908775
3736.1217188319674
4029.3460723201556
3507.2291307031487
2632.2711973334863
3412.8751638662175
3162.311992684241
3242.912089114082
3191.033635324956
2200.2752855688914
2937.934368264041
3320.0649612527263
2361.686163242735
3665.2734244675144
4951.743378901411
3082.715901159446
4470.450599509425
2480.2852787767747
4073.229767848949
2805.1053762268994
2432.518120687509
2917.725497444826
3657.1280460969
3953.9325569013686
2715.862899914479
2900.8957710319455
3138.265200968421
5277.439057183175
2823.150629979391
2800.517419841624
3468.0926608284144
3713.453902117477
2434.648172414241
2972.0272889046387
7279.663000689078
4222.929819080952
3359.0952456721748
3363.2480246972605
4210.030176149896
2891.089271376948
2509.8170373559747
2979.4490617830447
2890.8448803589768
2392.4763645552894
3197.3158614591857
2425.9902375588604
3425.989874277797
3362.30698288502
3290.0347846807686
4484.631054016534
4755.027206315083
4940.905424110996
3190.3562135404586
4109.98626057863
2817.49479708338
2368.9314958464165
3346.3431896706993
2966.9769619204185
3327.187180026395
3018.734498740213
2887.854392015144
3260.1512872759863
3309.05080978232
3113.858293760664
3164.56229951678
5462.4941534083455
1972.8378834855557
3113.800127382508
3460.3729624188636
4734.8662482049895
2294.1695726136363
2431.1113104861693
2653.8912193133356
3300.464515515332
5823.2624639762125
2106.7695303605583
3106.1657426135266
3766.826351518685
4642.507303591078
4507.243486508391
3440.2793998782845
4267.065835122642
4388.018674584376
3533.3801503078
6216.276685638145
2479.588025387067
4570.961445452366
3204.906059585016
3054.3464872791196
1993.2184824333738
4705.264216761981
4122.232879714416
3595.9648544707993
2761.384595483413
2864.421986935365
4596.233308443823
3682.516716441287
3231.706495050222
3263.118052825168
4402.8603992825565
4616.527705777169
3248.615087626242
4718.199638527533
2135.314708079439
3245.9238617566452
2171.707441154851
3250.3544806282675
2786.2716484294147
3503.9274165229563
2273.7008927069023
3431.3075037250087
4817.3123852491135
4954.84240595055
3824.5666376322297
2990.8808593583917
2815.317334088008
5493.456143405315
4274.265290902402
2647.6057787373716
2662.4064724656223
3080.8982412992877
3275.871713778903
2818.7293130231965
3175.080239551168
4175.707801555139
2942.0056309806746
2496.038852499524
4347.617107162201
3130.248129448971
4035.75552312406
2183.0614562731157
3119.6078620335115
2197.471182057145
2544.6432794679145
4957.996643639146
3384.4579353917643
2976.3273797376833
6031.859007053957
3086.6506396890363
3495.2454258429157
3088.740309827097
3670.532114641476
3416.556109804449
2702.7488265988977
3836.443693699781
4135.07318759692
4264.3336224158875
2997.176588939356
1778.5132656659382
4742.948040499222
2151.8131505227084
4445.601536863427
3172.7857810961523
7858.050860281265
2936.143975046521
2906.4369294947423
2780.645470287249
3623.5468987453446
3504.2262782576895
3745.2950204958024
3331.8463152805643
4088.7431068775263
3396.1557801354743
5294.618206800525
2862.7456586188796
4159.863086502239
2987.7035150209213
5202.017655568728
2934.8682225687166
3595.161102350473
3251.329598311612
5272.107645137397
2656.822603640821
2636.9566126166237
4787.598698009802
3202.466702824519
2514.031425332035
3868.199072524118
4467.549942622948
2388.118505504745
2738.9160193627445
2102.8605627081547
3410.2537421449374
2249.093123880258
3081.3611723352487
2578.0902537291236
4116.290542604836
2904.0506906312517
3094.3681071495025
4716.520857669809
3577.3275312080277
3887.198834337585
3513.69667183182
2127.193218412613
3469.821504714121
2676.4620115275284
4829.727261042813
2436.4856272772827
2706.4894776386323
2537.65430378339
4070.700811943954
4135.7238263204545
2475.725851448104
3541.3686738676975
4524.813223085065
6721.0052604958955
3213.5403066558106
5498.401644330182
2859.614292200554
4232.59680546515
1951.0880604460688
2937.046681450556
2970.787336006215
2254.3655465828115
3026.1113293960534
2673.9407473986657
2033.1237120464268
2892.0367124372606
2291.6912464585057
3489.6813024350877
2198.621361717995
3049.6204670411366
3361.936072657132
3606.1168653039217
2864.0921656563182
4243.158224739894
1998.202024295376
3053.8520729046213
3099.26771312792
3846.8762340289845
4387.30938483096
3663.1297062304197
5229.704617064598
4745.688415397938
3848.2599445970304
5865.43642429986
3421.0221437801315
4337.077709975898
3824.0187500460993
3419.1849167710952
3057.3339292679925
4985.071906387667
2372.6749778742887
3227.063283569944
2000.9854300989507
4280.695051270042
5678.095720066965
4040.7487842821083
4254.370357597835
2735.7349059226585
2080.879805740954
4173.725181874704
4546.788815619354
4081.9017601912615
1993.2247086389511
4014.4187616634604
1906.566956570917
3195.5198597636218
3539.18661583703
7093.882108191754
3356.020621736046
3511.7825376777528
3157.682430624959
4570.224701711988
3531.915349948613
3497.4298270763893
3554.4161992899335
4750.759954842907
4308.570136731404
3425.2168126167116
3302.110890429251
6091.928689966645
3127.7972780315536
3627.968387483575
3818.6553058265895
3111.5048423519056
3171.0726108951426
5004.623144087402
5416.6484702913995
2806.3297385161454
3680.146598961084
3446.806983857222
2930.054173701707
5516.301197419098
2713.2623596151657
1517.2436876686431
3130.5602150125846
2218.2174882971203
2759.7428334861484
3285.6853612331565
3638.8113211474415
2883.0400409322096
5715.713377450223
4828.778950179094
6184.027652284274
2731.2319043337466
2179.889743627378
3257.6246185797413
3197.669785017365
3344.3374310615395
2761.392641606762
3762.179191350608
3386.2243718646464
3812.3447763096506
5229.881160046972
4248.429805153283
2847.5716516978187
2656.220992653715
3095.187698662406
2982.3000969097066
2640.828776409801
4168.474062450797
2989.397602893401
2824.128636407607
2721.7017461319288
3284.3071559952027
5772.930408283354
5114.370094154834
3607.5656552068517
3183.6021293630747
3928.9007791393724
3464.334242989937
4869.421503718495
3408.8835943968297
2537.612618490338
3510.454870176555
2927.312420702865
4694.082926973814
4955.156871492775
3964.167804528206
3904.1710168636314
2714.308244956252
2151.2612670251183
3310.5749688371466
2004.126132416661
5090.861064950636
2036.1933197892647
4373.667411368609
2807.2862594237063
3114.7248116353226
4518.195307867041
4794.722553510966
2757.486117516147
5830.438834410249
2808.7691708673788
1632.9532491152002
5860.419107944214
4071.6445701180833
3951.0356464991773
4002.391876235514
4315.2542326237435
4300.219035406262
2854.052825537656
4585.7455969582625
3732.9825613028593
2990.3837697849817
4808.352710974532
2364.498254278788
3276.7418393927132
5882.10445132499
3901.5216053309528
3233.1051398879786
3793.0101602547916
4727.442583799533
3025.8845570769554
2146.158848837974
4180.775398322171
4589.328283543887
2705.876293011231
3794.5356955099164
2643.852346649406
3558.112595058718
4887.136625107086
5216.9771155783465
5599.407967533763
3255.1316410580803
3024.4870617508063
2475.279021156375
2315.63517810917
2909.2206080489395
4671.089091485623
5204.289887484783
3172.8566689789673
3020.2604747629734
3755.3519395822523
3895.2377346570547
4098.154291133522
2850.8417892770335
4611.487772364307
3013.695323645961
1800.3465264174035
3637.810306736006
3690.5284370870695
3873.136133466496
3900.34507251737
2571.957697012116
1889.5654767779913
2729.5005362560073
4698.555248132073
2584.357862436432
2340.153778354017
5594.258620265597
3784.7889803298026
3007.5794114299224
4747.865209242663
2428.8469781413883
7303.983305425975
2725.19543664371
3518.6145171940075
2854.5177662782
2997.174452653187
2376.1537203760568
2453.7070214071728
3235.3373769221107
3733.816192239858
2152.9859008180924
3012.7391868943387
3019.7489592220013
4601.689312107582
4367.704056933055
3130.6762156484215
3367.9039737110534
4690.612589089148
4110.48051797548
3893.8450598160216
3415.021149078022
2849.4343888323797
3664.1368372935453
3072.772892153382
3993.1393273067147
4537.8204595152265
4823.519876811788
5811.580062653955
2637.8411212562933
3662.903028201707
4568.442071342766
5260.253602476528
3504.421421027226
3158.83776644862
2521.232309476031
4402.3150886208905
5734.650334287288
3226.6230533517487
3282.941765749224
4266.532641738277
4268.094385293827
5102.747128580213
5096.536696762111
3147.680762809821
2948.404128951836
3130.1406976777225
3538.8399570879333
1701.086888653866
3464.7793141972757
2935.4012103759264
2921.9453250713427
4386.722344856424
4341.957457329662
4030.9864393435323
3031.9768474719554
2497.4837204052005
5662.856508685203
1751.988171207756
3163.5149467076258
4159.043668884332
2802.273127845168
3215.074339647776
4063.6385803455855
3282.3227610588156
5079.040441036649
2213.0210867539968
3837.4251025657622
3055.28033472987
2229.4515506796165
2920.009847141355
5803.166174362694
4985.597126847634
4516.309819291481
2603.778631331717
4636.647483507349
2624.551074118145
3794.6757093563942
2426.478838450115
3282.0255177863414
3579.0241387904366
2966.5176129954943
3093.009151040832
3524.4413171454466
3603.253795206359
3100.6437978486365
2614.27961423636
3150.953282357153
1972.1569577174726
2822.7985824732978
2735.8888625003824
2610.2285389743793
3379.9990345255555
2698.69694326316
3665.2116730713788
3431.1115766952207
2538.709978603454
2544.9603653387653
2499.5871629299363
2733.847412178811
2542.768457725104
3955.603326951086
3463.9689247627575
3651.4184047235626
3527.7151471304437
3151.1477324423618
2482.0091311605574
3990.6979025116325
4258.193894484668
2534.0270578648538
3346.4828660392905
3344.3710117953974
2661.1494000318485
2781.812409253898
2529.757429832492
4742.41300103547
5582.8810087267875
2929.2297093774428
3973.5350207986016
3013.551201342777
3613.0580919759022
5160.000653553696
3738.6895951675747
4780.565805144158
3769.2519347013204
5285.21477749031
4417.077103983093
5130.753641677272
5380.0598619104185
2512.2247442124108
3012.954875325449
6864.103288210504
3102.50988672656
3123.898284751993
3466.671938480188
2982.6345470381398
3525.8350122677207
3692.948377149111
4225.271280132001
3110.5997864944256
2624.5955255751637
3137.8653321320303
4185.905515307435
3228.576898514252
3293.2123039524054
2440.0732637866845
5081.841669697838
3871.1771944688726
3813.596117264014
2825.185772916225
2899.7108805810694
3646.336967472197
6017.2530990257055
2376.8752176966377
4332.997804986474
3477.951097471948
3570.098596950544
2839.1815696876715
3481.285649188135
3979.258609012137
3035.5878192582554
4010.911436067072
3428.477055232355
6479.953171523441
2646.2350594201334
1867.0456981502982
4127.996028865152
2153.1680213655422
3922.640277578635
7973.043347174595
4789.39342936703
3959.399860361136
3121.0693627741234
3918.080896865104
2504.76053203018
3883.4753279196066
3605.4592416078003
3307.880076538692
2336.301356394077
5081.999494532423
3862.5169594296744
3599.823466945129
3218.836246289115
3853.543491969454
6141.365565864081
3704.508230121973
3705.11218591356
3834.6438554430424
4304.652613105366
5781.052010108777
3239.4411618744384
3877.97372802831
3462.2781344483537
3623.6271527937847
2790.286145401885
4952.5641126337605
3001.1541589115805
2564.8477143904024
2867.733224590265
3848.8794013706784
3303.493476365463
2405.039142763377
2621.179667641448
2314.6440622525997
4002.5154623961575
4931.171645991113
2330.595425914829
4986.22221529499
2871.930894539959
2665.108882179652
1960.6140713103025
3790.1753346535993
5622.821772521929
3313.5382753470262
3104.6501560710985
4260.524590624058
4107.430173489289
2758.9101190187844
2753.50216283069
2735.2415147224615
4201.829955197261
3698.6295138186033
3363.9608370022656
6858.507072352243
3109.269835323619
3775.2876718559373
4179.340345865318
3208.1966858863902
8710.291228215256
4160.754668555487
4268.283776687675
3443.4697221288193
4753.995945878346
3952.9353173586637
3269.143309882484
3580.6017847751646
4882.536176287243
2656.840827126626
3079.235536765253
3053.9192386781237
3650.8314391947856
4327.45221417355
1784.9656736561712
3458.2743519155856
2801.734078357178
2522.0170357629822
5712.544586200411
5048.375259173552
3825.719953208712
4955.682221361234
3363.6767757376624
3729.3772250620004
6013.345102559875
2457.9090183739368
4886.862024760582
3885.12842504852
3109.4440779593056
1542.7567962942728
2299.0418626333017
4276.900328307603
5210.714239182773
2990.58266581355
3697.8841398177324
3505.408715715307
2913.731721337062
2795.900638752563
2828.981033733324
2614.3525828451216
2525.7741820005585
3580.445061765395
4303.40241489411
3255.3217561771207
3141.6092792286577
3957.5579070266886
3491.709562597533
2750.3872833321043
3420.5614948086964
2226.6595875236408
4150.608938849046
2212.906698721686
3189.1493223026696
4184.8943518635815
4463.494050786437
2524.733506531304
3058.6925259551153
1979.3632132876721
3741.981078737143
3642.6905095093994
2528.7420577527096
3770.040586672404
2711.4594973271346
2994.1732559190345
6208.146888829921
3861.544308472228
2756.4434136884993
3591.3417428499347
3117.2344230088092
2548.6454170351926
3338.8686294819777
3296.112149314182
1701.962185697612
3010.59813159245
3793.8864844836503
3190.6592708231087
3290.143912412012
3376.808059152008
2327.3181019966514
5075.353049325613
3409.0548295967556
4260.446117510498
2417.5453230398975
4421.961068021117
2733.010051401075
4915.378164387625
2820.3626282977866
2716.4779417424666
2683.7957142230166
2657.2266369395106
4036.916863183479
4187.656726853119
3289.57672607271
3649.380187372935
6665.711961010192
3407.839325720205
2582.5403091207017
3789.4461487245553
4363.319748547165
5781.246573958382
3260.6361027767666
4622.625193556628
2363.1521570957325
3179.3546325956986
2674.690793678048
2344.7105973506536
3423.28291937872
4930.510878217837
2485.8548815197732
2960.9763964002127
3507.584166557772
4042.82498748289
2383.7007369950315
3344.0356439911975
4739.176774606171
3298.5236298300515
2962.1136890001662
3151.305345406337
2949.1047555476393
3423.9438792051783
2121.6782724081827
4415.996377836409
2987.424171188662
3369.594089176139
5588.829165703429
3714.8878076073565
2381.816437834364
4340.390491314936
2751.5631828455234
3374.193554115787
3365.6654936385753
8418.989279781204
4029.155565515587
5232.389852790189
2926.7018168995023
2543.597194902465
2019.8460595066424
4348.469066367855
3458.0821309344483
3510.2594641509336
4054.015213229038
4861.024330498116
2421.0738983297365
2462.3151005424083
2989.5232281328276
2745.1581822292715
3566.59839995862
3885.343259639774
2237.7190522080878
2749.173929039323
3747.528435866641
3304.1953746267554
3650.6488395816205
2665.7656589466465
2324.9649561756687
5492.515354480337
4215.104391381061
1906.6322260373777
3198.911357377373
2732.764335607794
4027.6392014487487
2970.6757986524744
2741.114768416371
2412.817135415268
2336.174203068011
3172.337416059202
3508.043088370236
4491.432304508356
5698.100221619155
4174.457944959513
3673.2455409624486
3089.5451356612343
3754.288093419517
2538.6480358895915
4238.304742720413
3646.5015506326076
2408.6578170769385
4614.004484995318
1766.73181226584
5019.955116181581
2417.9023542511177
2679.350228349305
4593.951842506919
2709.224553299525
2854.30050426574
2609.256988032479
3846.0555198525662
3206.488859920812
2835.957752703673
3719.59806709954
3564.141200257634
4339.541675990555
3115.55811695296
2780.47792555293
3488.915164079663
2608.817525400586
5283.176489114645
4089.938826873378
4529.510139250859
4016.4358773489816
3056.2504351722437
4373.526867825296
2886.140791595801
3951.964479052099
3076.0898198655273
4641.18383857724
3090.1815474437694
2691.666677228577
3333.307286220545
3983.6102200661117
8558.994291280977
2834.603883170155
4217.885956331532
5037.575508962073
5192.836286130771
3521.8059763681476
4204.194806285949
4287.160421447202
3373.317979419045
4072.0146965091203
5927.56466073569
3072.013536087878
4116.395679007556
2807.028613079235
1980.1562352839628
2062.2477347798276
3335.4138776240493
2977.151881392503
3168.6761471782884
2025.7080275773862
4594.585586436309
5281.374552561379
2911.0732051501413
3342.138513916691
2614.2947509680716
3185.535511834521
4174.811933996639
5525.487480621335
3293.4930526192197
3136.54849801892
2934.726983564054
3523.0565490789936
3858.842019049003
3200.385133918544
2569.8124996593833
3703.8116356118007
2905.2341912479783
3592.1724257096625
3652.991731258995
2661.0113168530547
3073.920754059924
3410.9826030723966
3547.3156629514156
3717.039746778256
2433.675893246176
3773.0635281883156
4330.1953753055695
3057.611523341514
3061.4668476450634
3627.4224128010405
3164.2446872957003
3334.9561769042875
3586.656151980366
2139.47675061788
2030.0429015375064
2025.8894226085638
4068.471674346248
3679.3246062511466
4246.715593579941
4572.112367096386
3697.198914186832
6500.935185921157
4023.979971690672
3063.3268397927486
2815.2667233589905
2923.998958270732
2827.933553562211
5150.923704230529
4858.623504950595
3445.246319561034
3589.3003408298223
3398.722009283319
2788.815124478823
3205.401157780855
3091.067992780349
3782.645732752169
6446.636104362896
2660.6446307093156
3639.505064432624
3114.4686117369833
3824.351676800052
2138.5838610828628
2922.467301762834
3415.283811373934
3809.679289657909
2817.662326601583
3536.262722956531
4316.472333573345
5220.113346118951
1990.2223900735787
2196.3403527694904
3013.4187616578374
2969.5962995174054
2792.3368551379467
3764.391651798955
5124.82253573574
3943.8693985627897
3813.3770662431984
3256.9713254664334
3351.7350704352943
3116.5220571654168
2858.4804514908024
2247.1535762253893
3517.291758926746
2133.974343004518
2883.2702537934388
2181.521929076371
5580.624804285817
3033.858352937347
4221.4515891647525
2515.526635308318
3500.512040107411
4282.50135271343
4141.170516472889
3522.4227923260855
3664.819789554786
3255.500209541053
4496.802848571245
4153.231450592873
4492.888693047572
3688.9613053183375
3741.1436135046774
3594.7660131039734
3557.465006338008
4443.8358021733
3234.2092721886206
3545.3764627465316
2920.4339806186463
3335.922638080845
3281.7996366770067
2737.651976231268
3230.619348992817
3898.9538529147676
2468.5408272024815
3851.5783154394894
3637.8939599931323
4269.325423977241
3242.4658600488074
4420.792385600073
2697.4953587461073
2336.5293282153193
3094.5613835557947
4876.967389238954
3352.115766747111
3144.987406753149
3632.6029451072163
3944.7978557253678
2881.7390278395324
4003.538448005911
1927.2226187242952
1999.2433248670854
4476.826086932589
3237.870502120484
3534.9976430856736
4562.722191964986
2710.997344520358
5051.859385259402
2967.536112378804
2860.4433450423176
5349.4485174487145
2360.1387127903195
4149.86652760299
5191.88204935141
3672.7815221249216
2433.641714061748
2040.635417103572
2802.413901093622
4276.640020842704
3015.0154996907618
4949.833525695842
3355.151147247269
4041.1086658971954
4604.897404641707
6312.387976455819
3329.592584036783
3314.2836480123583
4430.518115467161
2832.045267354624
3554.02998600008
2439.561980883073
5833.50463977917
3873.1302572931427
3488.9986869381737
4095.417248648417
2815.1361999984592
2309.558168614304
2513.792145373819
1762.2259702593499
3128.433989916859
3758.0887576892505
2515.2953556386265
3206.2675347627223
7438.674598720866
4465.182209940204
3841.613694595433
3435.7359260944068
3829.483998382649
5520.637052862172
3058.3368563987874
5618.263518511507
3606.956857625483
3435.871285642225
2865.4288537913903
4804.221664046519
3177.8746457703965
2946.648750787351
3290.334054442534
2563.443567571196
2924.1232246660456
4453.3042165206
4126.041593968413
3484.547659084514
2200.1508339865727
4127.067636084452
4062.0165473583197
3257.4923245148943
3573.854072652504
2936.7696753591877
3367.406709414909
4455.456816120252
4996.293883838476
6955.154742453055
2895.9392714926676
5225.348230761943
3535.891322743143
5013.717999317591
3368.797310770332
4337.309779528912
4615.005436197583
4414.468056379218
2921.5614480222193
4383.366715344287
3670.5232213961253
2875.268741076525
3750.5303231828107
2925.9113037813268
2647.3522528208537
2985.928920369359
4199.350273434696
3969.942071488095
4246.67048075393
4888.484864831235
2693.33666024684
3689.7831592246616
3990.8848372473603
3764.122717567925
3133.845579581051
5439.414925656521
5145.555340714124
4732.7310229313125
3464.421384977404
4644.688044153867
2510.698028363858
6030.168406659229
4405.62975144503
4757.723946520388
2513.478302738324
3004.1155240069083
3454.4996189126805
3224.780662366352
2878.327397087949
3919.7505609178993
3427.4809931077834
2573.148091341426
3258.252477605524
3450.5486731693873
4223.625545395347
4842.775557253768
1692.0451822023797
3136.5991025657336
3145.0754863265997
2133.3777578967415
4129.197269667135
2660.918302054061
4849.289941568992
3043.699181169841
3203.3734031870067
3483.9341541889266
3323.9239492991924
2001.7700221378084
3082.865435493791
3350.363441194394
3647.8555041291665
2492.1546666581753
4329.967090776295
3020.71092190014
2652.2265020074124
3564.479910206605
3726.218305105209
2427.9188019082353
2648.1090463430924
2920.377775949312
4883.740592072658
2443.328258486036
2253.791537855632
3266.3234600837764
1965.0325063562852
3911.0913182047375
4972.7802288744115
3909.4418256616837
2999.3384944200266
3904.3740771077773
3479.880168480759
3317.703372374489
2937.9705418344465
3490.6237970290335
3883.2152302025343
3740.7397709112643
4404.86247051398
2440.481488272142
2506.8609890114585
3121.00975712641
4433.200016731525
2311.1206974088545
2643.4254004983113
2886.0965653322023
4972.604696965174
2216.398702911882
3123.92809682945
4222.518135247741
2290.3176292406297
1971.945795167822
3101.0945622507743
4972.497214060399
3057.208359033241
4420.067412452953
3301.1151631771236
7383.177558401752
4330.159753074054
5650.376294265989
4150.37423418469
3037.384093948932
3104.55124767326
4360.948920607391
4472.5207731828195
3916.3410284419756
3558.0549624675823
4078.2642375914697
3651.1136099959767
3714.785671300316
3468.7657703451237
2192.1966819045015
4737.271582990932
2819.0114616954165
3585.8897502335813
2350.2966232800386
2153.7218024388594
2566.350123454395
2902.5811598817436
4561.633754315046
3306.429750912052
3307.7676780823585
2547.9160011466647
3487.2144759573416
5321.71074704908
5875.29982375759
3382.571373521791
2114.9401511313827
2521.538998236206
3496.519607556252
4191.797749663602
3287.142106702618
4052.504564587534
4889.368900160842
3850.5882740751076
2950.325413660515
3568.6881157554008
3944.162069048041
4147.577140222723
1714.4431697598673
3836.440773726845
3377.8864725613203
3668.7461475033206
3197.3860221288332
2955.1919018451945
3463.801382055154
2032.7555261754303
4172.083834106766
4264.298077330671
3790.553783525654
2797.139490272177
3030.8495524263058
4121.995900594031
4041.7322955222403
4438.298421292009
3298.8344861843816
2900.7777599185833
2624.089447886496
2171.0669079437316
2339.3458504837995
2748.4433127503457
3819.362274384962
3732.2568626626567
3523.521836118324
3942.942493824416
4063.7848761175724
2576.0334019640786
3192.830266561706
5010.114058802705
5013.54497505812
4439.224274614878
5531.50750229394
3364.2079704992157
2881.3265489981322
3674.785972318117
3072.0306293157005
5673.365590287858
3774.5196230712254
2408.6141021653552
3402.194869920102
5297.892805533691
2426.622592693567
3325.093611660666
6257.093232880231
4164.876471665611
6004.216223774411
3049.8112917914823
3112.6588213795317
2458.0074345190174
3122.91162937759
3217.319956585887
3878.5499881177498
2884.2069475029807
1894.0585623712584
5388.665035878315
1770.8540780089709
3131.9459158134664
4341.291842834556
2828.5757510611074
4887.021603035546
3604.4750533751344
3390.174968915045
3056.4517600636104
3595.2212465999664
2673.24692095028
2135.250726378092
3202.53828977644
2542.402023159415
3481.89647965242
3686.6819189185703
3738.5114181261533
2942.4926234164745
3644.0768790937304
2483.17782342603
3104.1613242871713
1936.1937552709694
4847.1827765091475
5777.30438839942
2978.415231955823
2571.7876712117964
2426.94909487419
3928.2954707614476
2795.2279164405536
4003.2595007970485
2690.3457474850716
3896.297862348444
3662.492698810511
2136.1909619817256
3655.90697553829
3752.559791246306
3418.866130655518
3249.855242183262
3186.141000760033
3934.4169548917293
3819.690958593282
3609.7324997689398
3189.371778509308
2309.559702229749
1955.2780145897239
3316.1785101871224
5654.576181955318
3960.959436044897
2318.6712471889964
4442.1324698642575
2434.2807838948747
3238.697637489662
2891.839610032485
2183.3831326681443
4899.846809360756
3502.7872141051675
2505.96118471803
4769.095483283645
2876.271694993948
2716.6522877818916
3414.566444476029
6214.433184132215
3464.0614694010956
2491.1987726029615
2894.8773658439354
3355.751715979465
3575.938777971603
2988.629793116745
5069.99894523077
2821.3381076998344
4471.9282271515085
5038.444657895205
2909.649351057648
4256.841440993605
2793.403419648224
5916.036393804877
2721.556177111364
5031.344050464015
2512.4482471052443
4314.448309648937
4068.8752496121447
2278.7848577541267
3355.5387034642104
3807.2973244136983
2775.0653680526543
4360.64629213077
4126.820011542867
3844.4558275251275
2257.5852731098043
2475.6650592506726
3326.6784081932497
2446.956252830384
4630.799379895767
3857.482847274851
4764.815507066223
2432.889036420384
2266.909583946043
3877.6043216992157
2776.7157225063606
4008.9231387249088
3712.129275857846
3203.498278250506
5338.597517551088
3680.0204686824923
3887.070497937582
4082.2889055180235
4669.911374609155
2969.050949848611
3729.014998671403
2146.0352722671455
2561.1325840093723
2475.9143637287684
2888.82238496929
2533.43171339895
3613.2517009011954
2366.2369289344274
5622.855157783674
3560.1659861687913
2858.008663215747
2469.087926292442
3008.388318387701
4257.556314552762
3130.230765658304
2492.323243692619
4023.9106251809417
2140.5182373469293
4272.561944913031
3930.95973984278
3522.420124463802
6364.213181562815
5093.180839066536
2896.857605091593
3169.180674627556
2193.3326634988
2197.296660493806
4870.389637036685
7567.904604562123
4634.169320470962
3651.2323560757713
2270.6701205310687
3753.228395357589
3165.5643003338178
3324.6706094258243
3411.1925360366
3132.3735219296073
3874.006965700725
2964.6681708534143
2922.3484873655357
2066.605858588754
6370.865148323584
4804.029160797935
3270.8576523031224
5978.815435413685
3171.72521874588
2955.1688240431463
3627.2387837926312
3810.0201811154316
4027.5647406650382
1963.7131996897353
3972.3501776055728
3137.302062766544
3286.6851919469177
4223.367055017313
3730.341466132604
3239.1262892508935
4749.193697254807
5852.577601799263
2164.1857626044552
4975.053091432494
4026.263820157175
3547.204463524104
3705.2933868138293
3248.275085167955
2662.386331708791
2330.815666596494
3245.4234158140803
3792.927565783332
4093.9789887717266
3214.1037716253463
3180.1543520835917
6608.827843403997
5114.447122990593
2330.692632694409
3038.1082570942035
3509.5940735183644
3378.009012253767
3659.9877916094574
4993.85895611362
2883.36325065332
4286.026912519165
2322.098795607983
2847.33622193027
3131.0473160710203
3620.2022348512714
3280.1418820355716
2663.0834696168863
2907.3482863064805
3868.2286888874987
3505.150345228158
3011.5547791136523
4353.656869080508
2282.4937169377104
2958.096398352522
2481.9572145727266
3095.49155981161
2765.2540806359452
2232.7200086710254
1852.9733110237169
3488.041956294034
1934.276988251068
2943.6768223980107
4086.787286678507
2642.0946266809988
3257.6353441997708
4329.214921147143
2693.2952262631266
3078.3101768578763
3131.6355640728802
3915.784831015836
3734.5723485768212
3762.2616277932834
4059.856208021724
2927.4103354585036
3071.294075399944
2704.2118894048103
4814.590408485108
3717.0492748699703
3666.008252083934
4595.246846160356
4368.703708524639
4989.3704576233895
2965.5922996667296
2875.87476445931
3317.794091481786
3082.8843010286996
3950.0629067097507
3986.510456313828
4962.756844650385
2523.425653977938
2315.7702687148626
4783.605844261669
4097.99609878116
3027.5182051130423
3938.382150078534
4155.971960271346
2486.141599716914
1963.6319866540027
5016.197024501787
4552.32353394917
4135.951353853697
3740.2749733561027
3770.904995715038
3417.9225260882044
4956.402153304342
2409.3799081129455
2858.8006197208415
4156.883859795999
3627.8293604022224
4459.613467976054
3507.149451316272
2592.0070048393427
4262.268423965912
3668.1798338390927
2726.081267225356
4596.0887383305135
2931.308796683414
4327.257688081472
4542.267653301838
3113.6131547817436
3336.210344173489
2589.8132217709076
3062.4688500196517
4612.435259681771
2534.029365430816
2598.2995631948324
2720.8695660732624
4531.041345294776
6975.510246093325
3316.616965533073
3283.758122770356
3184.0668107080414
3226.370348714039
3769.4100223615824
2813.5009032054527
3557.0005561543917
3474.4502765864795
3254.5519572626426
3579.3925879118415
6851.264216493009
4561.731307508648
3723.277108926693
3077.5492374931696
3460.315049016963
3339.208714988378
4241.779469382138
3032.3203024168038
3707.400191818359
2811.1081517379766
3510.3540156834656
2838.480703004675
3239.7081754603646
2667.694562937932
2551.7584609326027
3867.6704001423177
2582.818716746677
2261.1258274808624
3401.8785805580765
3352.8193540956304
3786.105489198497
2947.412605560665
5052.821026826215
2576.2503893159073
4271.465782561534
4750.921704924972
3553.438605486246
2845.2581238213343
3355.5183446035203
4774.848672478616
2636.3263383298495
4170.179173709032
3513.311533281734
2165.9132506228266
4121.889634771938
2893.12453637662
2789.2924583092167
3632.239870407556
4418.41629396891
4648.389573536066
1960.7920206263414
2522.1031614118815
3623.2149496995294
2928.4664671104574
2803.8169900761272
3160.6068303156017
2777.0878246984144
5045.563008404281
2432.9128854891615
2465.0655565191855
3772.3550560858885
1866.1032497925648
4774.671354559921
2552.810107460334
2976.619752166842
2765.412104057745
2224.8353849954983
7125.981941355263
3414.259821695741
4546.631224075841
3495.468111878297
3920.847959889368
3180.501743044971
3554.8847251605507
5132.947997224513
2390.9536701930506
2607.435246550132
4005.0147848915512
4455.787220422063
3898.9986093754433
3108.138168278315
4284.364150429555
4199.522605618032
3484.2168978924287
2433.263238364238
3667.042267322506
3940.224157687277
4191.683376693381
2167.246149511
2234.871357184046
3778.658245681876
2962.550301168907
2634.457825045012
2723.46423952338
5956.508846527475
4407.860981937816
3250.9968351314274
4911.101698942258
3251.689565186167
3863.8936177608534
4080.118096827299
6294.741444944392
3938.7702870024964
5574.2862962069075
3613.4525670407497
1737.4556941223652
3201.727639816498
1802.7377009571396
3711.8458819688653
3037.801342782032
2465.1167945475313
3802.2114319580296
3556.130638020443
3248.5604825380838
6200.101215027427
3064.915112881657
3050.5110424450013
4480.089315315262
4247.970344713043
3784.923772147958
2769.7201188894696
2418.5069207081533
3667.4874288262304
2028.7145950863512
4038.301573427738
3861.105334808132
3565.1793257914446
2819.625734524087
3569.175226927712
2488.5839850077477
3828.6537342024253
2550.4168287491952
3614.494155086282
3609.543893916649
3056.3680061681757
3785.7596952558665
3143.2031948286603
4625.769626983033
6102.59266365509
3969.918332764752
2907.519636495493
5127.489401263938
5578.931962890917
4304.1746057874525
2378.1038063331403
1990.3917905396167
3819.124993628657
2703.342231450634
2369.7395501357305
4108.957837321212
2945.597542140114
5075.761124720556
4231.968334468776
3563.2334303059033
2779.0880865586514
2938.8093259018424
4904.6534683261425
5295.912063674381
2041.6460178821183
3693.902342138663
3596.4736833456323
3397.106115184233
2912.036733007819
3470.2881219897613
2319.33103810672
2891.2843824413508
3027.198256913073
2735.012246961316
2898.4679152349267
5482.698157344204
2920.150898409102
3408.6217480116898
3680.8410966299325
2805.411126610454
2817.1854842536195
2554.881037538957
2891.998662491877
4213.38778005447
3342.812876622594
2538.055376275696
2835.6021369344244
3177.136271697045
3426.139402895139
2122.9529636711763
3004.546854502131
3127.5401106992153
5032.895331256139
2981.173173053679
3051.15240838704
3360.415898274972
3379.1802607093764
4135.160472533079
2932.511685490238
3804.118983391103
2993.212897641068
3077.8659668036216
1930.5147798122205
2286.548551584426
3223.7689597735075
3561.6320691768155
4417.404493157938
3105.0930188014477
5370.905205873056
6354.254796206496
3932.9393436411474
5443.104686298371
4117.964531532148
2935.799707536288
3315.4856323212166
2513.92335367283
3435.4034116986163
3520.8938406716
3346.4036678819625
2150.9068724529307
3593.405937710795
3504.208936246842
2299.2396060565375
4359.631611622589
3656.909349011316
4689.434061625529
3789.9099043207293
5134.883541102636
3337.621092420198
3413.791095260983
3045.153531634486
2221.9757879000076
2338.889409158222
3337.958308834634
2166.8823995222015
3801.919362963166
5198.300223282277
3855.370454276481
3538.566075552633
2266.4852350903243
3362.307060570445
3992.4760762086876
4237.3123224388455
3066.6095764089396
3983.8120141704894
4318.849249426501
2891.7152684703806
4643.350773584128
3575.3809202995203
5373.78488954321
1935.246013681998
3231.750450513519
3963.723625297834
3259.9808106426135
3587.5481868260053
3968.1224663333405
3367.6262472972007
3578.822154171073
5103.407418478305
2532.170898448767
3311.130805917237
3981.3394656412106
3631.9907490431
2920.9491526751785
4971.227757357248
3488.3569884151016
2678.3762054836807
3117.798399858124
3294.541210260664
4258.161811653787
3086.701579207233
4549.475782408245
3852.667236205951
4185.914682940811
4531.809639634254
3139.672208008571
3679.357128237925
3842.9004584694494
2540.686944615888
2030.7470298125252
4352.206167474404
3255.553055081126
3787.5458756731177
3168.4756285790095
4164.128025143611
3185.5680391144288
3503.6656113599765
2965.4044908119217
3458.1828782591033
5472.938200879138
4383.229518040782
2949.191713027224
3370.9412120360803
2235.300703540593
2368.095523121059
4168.857292322711
3926.7667761284715
3007.6501678860764
4875.898815935023
3641.109867453382
2215.0890123598906
3807.0250695207587
4466.527681613971
2531.986900515379
3687.4748525837426
3909.844455769558
5966.976992215216
3955.9422912785362
3609.8145593288696
4531.0911387376445
4222.697792167516
4210.504215362535
3066.6241356487208
2215.3175545357767
2910.907780056306
2333.454470877628
3443.51351194211
2154.2100090027966
4126.388947793292
3696.211351506514
3376.078005165727
2430.4913612589203
3118.5386638113746
3130.465774230308
2584.9505612596126
5375.421536226937
4632.994645254378
3275.8527649073435
2802.9951987204445
2186.275115180507
3127.433047121059
1900.9751294210914
2981.269944013399
3289.364044916334
3672.741808342768
2999.701323818808
2609.6392604331218
4125.239988746183
5164.839561725203
3574.325912176698
4138.634249564243
3245.3445510228853
2130.865118050548
3330.917044997246
4007.5371696531297
4376.7982749249995
2563.478199831705
2375.0037651021366
4348.594381879909
2887.5084012002885
2168.6086261327246
5587.49867234106
3288.3132303974894
2764.6017945567614
3133.538782193829
5511.778762872806
6351.601029506425
3103.772190826952
2498.582267678298
2942.8713351579077
2302.769113609093
3061.7515592315162
3368.043387122337
4651.969838226663
2827.5374866384104
1779.0381095306182
6370.540993588703
2626.247405773889
3700.6880687159364
2840.373701430314
3285.9582090319445
3329.983403261906
4490.596016267422
3707.609278674903
3572.040302462094
4922.014991150759
4379.541765418614
5111.192250969838
3919.916896294114
4930.56880756962
3077.005413708114
3833.4830328587477
4288.25061336205
4198.321367817069
3870.845150484772
1918.9579408689901
2919.478867763031
3788.6224589146464
2967.09163850882
5509.378259203681
6210.582876224576
3327.206567376947
3762.0228314829187
3468.823239107035
4015.949295315055
3409.343741988719
3301.451956471497
2582.421872500959
3410.7230615407757
4445.687517705865
3096.0606505023493
5066.869489804287
4596.97822350379
3881.20323315941
2856.3737056809578
4146.843428744802
3785.426815974369
4585.446232412904
2747.935816681672
2885.386242952206
2586.644496321984
3321.1296265691785
3710.8759960743264
2406.568542302887
4866.614561767266
2876.3952630202048
2697.377725776729
3705.4140535628453
3594.679971640116
2619.087301375114
3365.534392902158
3272.3179898504422
3224.3647043000774
2273.0466095446727
2858.2852979752815
4981.434700293407
3494.042307472485
3913.3757549955967
3213.2350899163553
4442.992100846268
4094.8451614535666
3059.3347563589577
3197.2128049683292
3936.0738522622464
2291.1970146334957
2591.3830968593893
3294.891567365789
3573.353850820973
2701.780131815683
3682.5324086277387
3534.27340017584
3540.221993140744
2211.4143188121525
2630.42695392823
3306.2167685588265
6306.987816429759
2432.3711201863302
3236.1369764843216
4212.4982738773515
2968.187774127627
3427.799381024756
3064.016718888522
2353.4141296241796
4536.73254152431
2111.310575700491
3072.1713926537636
5549.412806993491
3427.966616016374
3738.055785413109
3316.428515979836
3547.588330046676
3990.719085481056
3690.808428242082
3020.6978143104
3379.280558636692
3163.0315048424304
3013.847899920152
5853.596121772401
4591.663135971187
4948.1733689215225
2904.961480956315
3400.8353180939885
2956.432768662033
12217.348312276723
2853.066296718218
6150.225258578823
2225.5523742249375
3107.8403177168243
2974.163900212399
3231.21623970816
3405.096170646559
3176.927015589776
2248.534350597041
4994.451524502529
3664.9105152252246
3534.309154041673
2937.950110872553
6937.137692238938
4145.422707391334
4889.923033768296
1804.420991621624
4321.984977840172
7017.352396991749
3280.2450673666126
2499.120829184905
2786.8128732359337
3269.6672775611064
2673.8106863783164
4330.047826346361
3122.385022754432
3953.0410269333415
2151.3661386474496
2585.812311396067
3935.550617009552
3345.314685253734
6486.701416351754
2449.5058320217695
3534.599299042335
3048.1910226421664
3418.334170392357
1833.6449333614303
3030.9337072405087
3386.6086219142435
2207.3489758986743
3020.9081458040077
5479.008965766358
2740.455390459626
4445.018210165721
3888.8686038759943
2208.3757173516665
3575.617901592691
1787.2341118812149
2407.4817911231776
4352.098042275561
3710.846809315745
4239.558603817377
2271.621794041431
5143.600984025649
3260.1386684745044
4854.559178935785
1949.5998401525962
4016.645961592813
7006.560513957647
3414.351470363383
3412.1330170418387
2703.0913422553836
3057.175459481955
2661.7395352933677
3014.2589420828313
3305.2978401717705
3409.6183627347987
2438.8353848242646
4416.454256377075
2391.3716087800954
6757.134657659263
3374.0660881717663
2794.496659077692
3453.128787335901
2591.4936135522116
2021.0112252639067
2888.980718818765
3480.9932931208004
2205.7023469098635
2273.4067662027583
4162.933511727488
3872.845667178678
2787.4130265606454
3388.5385244925037
3358.368757694059
3117.257944876296
4237.528066652511
3628.0282275168775
3284.7888462278975
3605.4391003075775
4203.204879412697
2381.832623378638
2632.790300798782
5883.782212203835
1951.3632625245973
4860.797160758109
3567.0623894891105
4267.835612560688
2544.503440652528
3714.566124486372
4417.466457345383
3523.334723942885
7949.541337115994
3203.065278125144
2726.017938698095
2564.6188776593667
3523.4229951130783
3335.0021236655766
2786.981564500249
3298.0910169389877
3920.8502904683023
4727.836647216265
4305.071920308148
3051.860045839654
3656.073448148446
3559.02490539625
5700.773586482469
2294.2908656778313
2586.862333061267
3854.9612373341847
3917.1262368960274
6415.620492584593
3009.703821910491
5162.0960588078415
2159.4994145398905
2503.3331751616065
3029.380588095834
2495.8546574487336
5222.164150799775
2990.006046959211
3596.9192745949244
3569.5697150824126
3361.5062157576517
3608.6991659523055
2870.317732466648
3990.5640648547073
2893.521693487681
3412.981103279964
3076.144058685501
2380.798498165158
2088.0235631702985
4019.554156002331
3489.7671628326007
4236.75797152824
2716.501983725209
3036.8429787685945
2640.1949657551863
2532.490934821962
2674.9041965760543
3339.6868861849116
4659.586411224289
2400.226763141716
2521.549912299501
2444.372253011843
2668.0225462762965
3507.4467539676707
2063.7698432423067
5041.140356370601
2764.5834974207273
3056.050618637437
2179.2815264770807
3340.1584767361705
3243.0352378615476
4319.333531773124
4028.1557904561014
3927.3783305441116
2685.353826465486
5236.337514497661
2931.2701049080497
3433.5960549415236
2317.1730819091413
3074.514568003526
3595.1238977363832
3028.1271533545614
2658.5183124894866
3505.4317088811063
3195.3504685633716
5407.590131899079
2571.644155693056
2710.1858315860177
3521.0247713817844
4019.74505106725
1908.1723068763222
4146.052952153435
3073.282250975167
2744.911855675288
3667.884226633544
3304.655187200465
3297.939943734221
3198.320427817084
4425.897918971536
3116.7589954873615
1950.9937041965673
3602.9894942842207
2623.054936438874
7037.300211644321
3845.5414294960738
3289.293212680985
3959.137209009841
4499.59964639055
5645.188288987133
2395.038994149271
3544.169702254955
2524.814750895786
2862.727662892955
3665.1550405655616
3593.496597795795
4638.812403779683
3589.9188526771445
3819.6913222239414
4442.792240516422
3343.281969987483
2251.238031197139
5474.115356660989
2713.665635990855
4666.458528598453
3293.917884739828
3605.916063234204
2780.411070337897
5000.512314692797
3578.21074506903
3816.6690494558907
3082.9024134700076
3626.2924704843904
3348.5986787492175
3214.8374957155856
3333.1117989602767
3634.8512791543617
4327.506531481379
3248.067424801506
3335.0618526751928
2899.6521969785895
3525.194099345688
2929.1206093193687
3192.5069034936
5651.754212032323
2186.1485531036333
3630.187281084552
3238.138677656924
4969.166947696918
4831.139009678735
4333.701756651095
5418.755727213835
3283.830974432051
3561.9568533332995
4055.7035127478607
3696.2796641115983
3309.6648830997424
3272.2515983555395
3452.080533880992
4891.085243139619
4062.019125831251
2040.8099053164026
4815.3130116476295
3624.278534276016
4872.490001914015
2563.1467698922875
5577.94458511812
2235.2287694086476
2390.605876551824
2512.199987252394
2886.9398902866265
2472.51147627321
2633.613153489971
5372.441977314191
2064.861401758684
2711.4948857850113
4969.940548384543
2782.3549944378224
3245.7046694124433
4051.3814149810964
2967.7367570855736
3665.345351928938
3177.34655120086
4023.7981076790115
2729.2759782844814
3901.79384083514
3002.5997236309345
4144.774152956055
2493.6297881048504
3521.5974814418323
3518.965959637087
3690.6319069906963
3618.291248806087
2606.016643329419
4528.485269879632
3307.3470549087183
3243.6663283730495
3975.0608720635537
2210.555348051997
4320.88633477619
2725.028321979137
2402.73208252039
3285.898542141436
5049.015484245622
3102.0730101585614
2896.4186145103017
3775.9327445744743
3189.598232267279
4008.260992742852
2277.3979497539444
3552.3167638497985
3015.1916157614223
3332.667102229771
2915.879540469593
4580.390495847704
2554.2054298707535
3106.7264554344265
3278.5852988570905
4184.719846763034
3747.943087336653
4518.133241174558
2668.5791043770514
3222.292307540171
4255.79770852232
4557.938026276632
3442.866582453477
3486.481417010085
2497.3472419490276
2893.6678318011864
3948.086749451109
2647.277987008565
6587.616942622847
4068.982781592797
2799.086139100616
4062.6958121847515
3838.797121507267
2690.8201497608316
3667.859853318508
4263.855615548114
3817.3406556877317
3184.5761729587284
2766.3972532650105
3853.2020150328303
3295.327282551823
5777.75703375107
4487.522648208419
4425.049912030827
3598.5388925766993
5390.1835288583525
4160.661330616476
4710.848943177409
5296.013532730783
3434.543262935495
3417.8619033004798
2779.7224600389236
2293.0734074133557
2991.9838890724186
4960.447800792246
2803.122326308651
2425.5032576276326
2677.8654622504414
5749.845657657259
5061.104986724529
3809.8086420949135
4494.31230522132
4893.911848509639
2860.118572578705
2915.6251319314188
2427.1037568918487
4163.774217208977
4616.173003884681
2080.6279914377237
3157.721688295991
5184.659648642414
4653.314062147475
4332.102561600549
4490.927619928631
3108.4257188146116
2356.0048009501447
2463.1198175009154
2099.8885197794157
3711.7581016281783
2098.9980208177712
2491.9366400267813
2599.649304827375
3693.0294831781375
3482.871666117931
5983.104240366408
2594.2298337468274
4028.7639209676854
3309.742906462041
3168.3914304588307
3119.3179233056676
2242.3562664766655
3021.5209513139957
3267.314020311582
3778.937927463025
2263.166913014948
4552.857422920143
3760.486911133797
1904.843385616459
2881.9881734324154
2098.960198436371
4241.180227773136
2643.49075255491
3723.8771845710307
4250.780574253271
4303.024956083926
4058.6031890456693
3171.318121236479
3553.3453623556943
3356.606418579574
3148.73642174718
2653.0378632186003
1943.3423505247665
3907.3010212598747
3622.2923028545065
2808.879385884472
4606.792453331794
2545.9581293890997
3468.2450942626574
3467.933908725599
3102.6390739353146
3151.061421698671
3148.710864596268
2852.906934329524
3052.848728554686
5472.199751781574
3118.4811532264853
2770.5043088821844
3083.9111138922804
4196.364493450564
3442.304264737022
2523.96448890647
2931.5829998389436
3533.6450795436126
3259.1096154641023
6002.105003607961
4562.984580050439
3555.722888009259
3241.92926880483
6067.886731394671
2826.19199746987
3446.098603896527
3307.298141857467
3779.5405034130163
4433.291771745612
3001.128236875102
3193.146793361203
4262.86961668978
2085.500810884759
2119.894513219613
4656.334296565218
6008.235971426623
3270.8236888310284
4686.520023129874
4223.871510010581
3855.554443960895
3342.528366479673
2558.0988855778737
2663.1136448718257
3764.177622652714
5726.214330554942
2041.6745358548785
3533.148331716189
2675.8752136823614
2692.896273962742
2557.9418723438407
3109.7691512219167
2694.041342029551
5369.763594555081
4822.6657734909995
3520.667161866402
3527.3416879049714
3617.69079292945
3638.555674893497
3449.7096711215463
2504.2742188648103
4407.3987750934875
3835.358487963272
4390.801498710512
2531.1052935525804
3627.542053603718
4279.123712389667
2824.8880398764977
2899.942737771648
4469.265002228819
3315.8598650208805
3064.8386257300353
2230.9202567705443
3119.1080362651674
3986.034905054755
2430.1243987028442
5681.855948743338
4450.59725826345
3506.796089991667
2802.2694991900835
3204.274793450032
3387.4017131946734
3144.5043035595418
3745.896441589417
3422.51920264466
3710.504352292815
3258.009670025538
3144.3354961494456
5735.131040354456
4114.899727340724
7260.972505552724
3761.1996620455707
3091.7184716636402
3037.894232005737
2755.524914729413
2819.4169200255337
2465.185073789689
3515.216812646725
3869.6729960550247
2658.984955224699
2150.5391999247026
4792.00481017786
3032.8638867871045
4093.4493518379873
1965.333955319205
4150.959346130659
2616.2074210189703
3301.936235164962
3073.576054683033
3170.653738001769
2383.014367210523
3027.9699133025892
4047.6502646820077
4747.351082499739
2477.975767012148
2138.10742954833
1965.2591723796281
2583.9190337624536
3080.602190336936
3951.4835447514533
3712.436315821474
3635.63003151197
2915.441936306917
4036.5945211728795
2788.1712509778463
2634.905130790926
7106.558290426714
3629.220676449146
3051.575434385851
2278.8708994820963
3532.7357745440427
4930.2902689020075
5636.918176042146
5431.062015222745
3004.8593733920993
3726.211951941169
4218.90323911161
3410.747674961976
2903.1441867771423
3405.4286286810097
3220.7661369082143
3891.1974172902956
2757.671527310722
3298.0380524134166
3734.4982397668764
3566.622811127733
3266.684733974002
2992.325952467991
3643.434625856342
3944.272350099574
4730.6740275094835
3017.7861575745605
3560.027487600986
2643.441749391201
3077.2705176135405
3660.297731591187
4995.45952021551
3013.6066827791656
4136.785954340994
2933.9772389203063
4198.37512927323
3992.87990952998
3768.979626976703
3899.6498837447175
3024.088704161614
2841.262592082913
3636.4776205315434
3495.8066575250737
3533.3119851908264
3356.897515525971
5566.785452023835
2462.02861146849
2014.5222717671952
3360.1633647623453
4880.543867783447
7595.945632889901
3538.086308768028
2918.9186126932136
4225.214651098761
3076.7431222487885
3393.1217031690508
2028.4894358096924
2791.430788705291
2432.8662059054077
3383.1583808572873
3724.943102397809
2669.8463115993586
7176.644183044271
3742.7432311954844
2080.7152063600665
2587.1590295655224
3853.6408511219884
3487.0984626336667
4107.214773182259
2499.5777747754078
3569.6434462242423
2563.806788603547
3480.4439035404953
3461.4651620385066
2521.803958235829
2508.3111024919704
2678.672930771492
3417.910083573142
3136.1555172779395
4051.9552615091748
4430.121714253143
5280.8393830609675
4725.625816091415
2789.5945005658978
3440.132752750581
3884.1997668525614
2663.01739562997
3131.548752695587
4686.082902854167
3422.556997909102
2674.410932885658
3770.968664404207
5519.321403192242
2350.1177740266985
3198.8985451469775
3037.2492598206377
3969.2421466606643
3218.138674805042
2584.9126112099216
2451.218004803611
4309.107392439291
3201.808222420996
2603.203561152746
2221.4405591908285
4575.394244399801
2797.130198488905
3034.399684826692
2828.7736316117143
2391.8285282692555
4268.21984996889
4666.720878257656
3270.7170757131453
4187.45730556686
2602.0125432473487
2750.4016572455116
1745.9172622544386
4697.147475545502
2581.2645728015636
3888.5232957637563
2389.70567667113
3148.828517857138
3990.9845982206493
2157.7572955608916
3533.6622126412067
1917.1445410198296
4218.071141764745
3708.8439571585204
3835.588531743399
2685.1204943106595
2672.424161165223
3972.7698665393928
2937.0311694299266
3633.8544052684647
2602.258920734691
2979.5094619143683
6313.355631125456
3629.649923434976
3718.877374126401
3467.3514573804123
2880.37733169193
3512.8368074417585
4770.803180298834
3236.927251629744
7184.995902828045
4113.164294849769
2607.1260157889556
5070.360400544405
3328.975314232436
2557.636825205016
2569.391326143843
3138.364624500368
3075.8865485581214
2221.542888849456
3025.903943210481
5327.1495536679995
4323.490272018525
3313.3202237222367
3268.3704229070613
2878.1065079246873
3646.4335220954686
3535.882713600166
4809.596511081113
2559.1198486213248
3417.2288749656827
2633.8457773734103
4517.125280973395
3365.6685092752505
3150.0898043393818
2286.4306226411486
3712.8321669153015
3419.5793414684954
4461.6725800026825
3856.949320443074
4175.619308938681
4171.972868149802
4099.220744716063
2481.19238462018
3316.904035629747
5034.533641523195
2916.490415015028
1786.9934906505393
3995.754674141456
4311.793036721548
3871.1184426229765
1678.9690044574368
4971.073432942077
4533.056111349592
2786.6374408747592
3890.4854131764064
4049.9004084889443
3195.7043959790853
4514.2692926204345
3572.157915343174
2168.5411980379554
3360.1703125192134
3088.4773420540705
3654.1013950310044
4069.208602807356
2383.0903862790396
2530.181756204826
3577.2103348747546
7422.3143552712245
5107.085168229072
5074.102237154606
6736.333544457926
2155.5799282401586
3714.016209721525
3865.967310018827
2416.8853295683284
5658.513014579071
2495.1945743232777
2736.818735005811
4161.665574920919
4274.353043260491
2762.9337875345423
2929.145906707514
4239.367445717749
2688.210208125549
2847.258570659988
6446.093909166696
3786.926214616626
2922.6457785932557
1307.7418768110354
2008.0106802052903
2292.444834809469
2204.281685659645
3502.0294554175002
4317.077199489899
3987.978763417472
2506.094571769066
6274.442625166554
3142.8822369035693
3316.410025573426
2426.471929063931
3718.805020578494
3266.1891279246856
3206.1850874742577
4555.025323970057
2771.7827970751855
2881.1382931318853
3361.3614764742324
1946.1628733899981
2750.676090575338
4202.256976778251
4547.287545227456
4238.762226585035
3953.1628773188554
4901.434461662239
3318.5232327631134
2668.672595914548
3512.5366495610115
19442.801562628592
3599.526713103089
3123.1816061823674
5640.151775029186
3077.635856806821
2666.0938758499046
3240.364779132941
3044.8846101718177
6997.948616874192
3016.3295390311746
4349.814723454006
2590.054268451156
3701.6943459560293
2050.765333323996
4909.335304861351
3235.2870005620293
2194.860461006195
4238.869185274806
3139.0225968838745
2823.837147724161
2815.3254550794272
4102.2754965625745
3911.1707251276252
3861.492901185351
2939.8474301197507
2968.349148625931
5697.785357893653
2858.534935961437
3570.0114946734784
3403.7522002881165
2998.673751510643
2420.223288812662
3488.699842855925
3531.902416434982
4730.1727957383755
2623.459170277775
3763.953192873469
3944.287841548738
2717.546708226599
3560.855051629725
2436.3893697767157
2604.4265207971816
3809.3666437310085
2936.156450027243
2955.165780958437
2828.875532947155
4782.165211258766
2657.2374504616023
2377.228897939944
3096.5388987622796
3075.320637147584
3774.592175135254
4208.324059139901
6621.67852286488
9072.716777429394
2697.832763384661
4912.2802427757115
3991.4613949745963
3307.8352579686575
2528.889765859168
2680.749075465007
2922.9271182217835
3320.1532621314345
3666.6652748352412
5633.591047281894
3791.7150439443612
3383.532807668154
3396.0568635744053
2476.9870308788904
5066.426985705776
3093.2125659590833
6549.565970839281
3197.052479291776
2763.3708673761935
3536.4826663527906
5868.314356541343
3574.587810549101
2463.4543116495074
3313.5727978745567
3594.4663944963704
5978.253220667625
4120.095378794677
2551.722563627809
3510.7883747828414
5924.793407584449
3875.724344188851
2772.741746804198
2085.1068434673925
4326.486968055086
4632.222508844171
3313.7877068644893
2741.127314668827
2945.47421379873
4171.425895274927
6341.396804254124
3511.0790511443297
3078.117834295966
3567.434748383388
2768.9588841155796
3309.2199385102726
2693.176232371387
3117.9047913221707
3592.930193151638
5988.200471247244
3648.850789426138
2582.5906700663522
1911.487079964282
4173.619515130659
2301.4831939117753
3780.5658882479906
2088.784518891005
3983.1508465496017
5010.856039233885
2905.2409387158355
3937.0295203677288
4328.402503695155
2807.7796038229553
2606.322940515997
3330.069128393902
2407.99945229715
2431.2589237756993
2443.126159154386
4738.146922616689
3126.095095038758
2697.243559443568
2367.3024452595487
4633.646619454154
3873.2101329445322
3664.923382692847
3162.51565795909
2503.5232799103096
1940.5322956388588
2382.922175932597
4448.557611683249
4189.888164718441
2426.8045963670484
3135.0971986383934
3030.0010497763446
3635.5357176868733
2938.898444082721
2086.7247017615787
3828.275024120521
2376.846200521821
5811.616908644619
3494.4125529380926
4203.613646975297
4837.624693442768
2811.805865073497
2848.35715115662
2158.519070052808
3569.3849640154
6900.892577689139
4196.349277316064
2393.704205487639
3365.043649280377
3868.2050083504173
2636.6280280931196
3244.1311626053607
3838.607382144374
5402.7523349279745
3101.932534445423
3270.926615455202
3354.8782066975746
3110.4334732165375
3590.6805408769383
3158.660477764478
2516.8540401195655
3129.895862958068
2306.5970811270363
4673.220128547025
3350.172881788878
2778.800281316089
2762.250978337905
2857.1405494974138
4565.59035945653
4057.3894020073253
2533.197469684215
3618.8148381816377
3749.8837059872717
3212.7978387674907
2309.3821818542465
4589.494594608952
4196.780432965026
2333.2967005492183
2913.0197823902045
3489.111799174435
2814.026235513373
4604.295029604793
3270.0561867174183
2277.036199387882
3894.376074927315
3483.643000831042
2863.9086602788
3111.789552969111
2351.301011309844
4069.816409995766
4475.093986565056
2110.0974490692256
2811.888689536571
3578.3190604368833
3156.5153549390975
2898.836359551236
2562.8641430570315
3656.018176003565
2698.6937261441776
