fX
1559.1533110074588
1429.7552685643684
1463.042454689791
1683.6085012897038
1481.0584752933232
1351.9048549765791
1540.7885891757883
1368.6663457584427
1461.691334588762
1383.141469063762
1403.3404886299752
1471.9189562621195
1411.9629107662581
1496.006504137538
1509.4298681412756
1614.9024927936493
1427.2018886633525
1465.9390340959426
1479.0298051301647
1521.7415413278716
1581.214427498093
1533.354765996994
1412.6403029256671
1568.4714067906395
1470.477801638562
1577.609822119044
1372.0189800850615
1691.048410761313
1698.6541920513982
1550.3712344404705
1607.2607237851373
1517.275284038179
1276.0691577498267
1442.6781451775066
1490.0956893515504
1436.5469081065835
1504.1840310152738
1448.9274553530652
1539.3234426579345
1565.8404110314832
1385.1922102686522
1416.1811266113948
1278.3296000581129
1506.5336475658567
1436.8167733644614
1314.563674011165
1375.4563261528524
1449.7205904252955
1571.9076705908492
1340.5371991964694
1403.975274347404
1566.6706796568067
1579.9767098240948
1530.2486401008578
1416.911099771355
1543.7713199868597
1301.171727035905
1521.393021859532
1328.078269602139
1430.7777200013913
1375.4258901417043
1416.7795045367593
1582.7478814484944
1519.9706306542116
1676.3215921431845
1436.6847717577925
1588.215556294502
1672.2970687483116
1659.0090741609051
1553.5682798072457
1553.0316240732598
1333.8962548293066
1544.8547655439868
1515.1347222741067
1502.9976455482501
1363.2102649243245
1538.2526298851014
1635.9972747427385
1490.5718377556884
1526.773518217418
1513.2687756272896
1292.40392665816
1449.0867131807508
1596.3736919857722
1553.2025085007363
1642.0585817894546
1424.7733189793053
1518.3737518575265
1316.9861577837783
1703.042863588374
1576.463852478529
1675.4523570217596
1514.4994097182114
1534.4400692772958
1503.6317389470717
1542.0276936007153
1409.2605144137049
1504.8840167946182
1338.8401127039297
1350.1255733594708
1262.5774336093646
1396.856711247917
1531.0781169664367
1479.9993815704788
1583.0294987528112
1491.6602338239575
1536.0512797989318
1538.512613488003
1574.103599722387
1664.1819047130787
1743.6492318528415
1630.9712454790779
1421.8562128502763
1547.5815491316746
1470.4803290178172
1582.2063358535174
1557.0036267619919
1545.6209652444518
1374.8979291265719
1371.1130673396308
1526.8766776164675
1574.6505135626937
1488.7914656410408
1491.3485244874412
1447.2192864474318
1653.4046966587905
1502.8135613817271
1578.0195655692823
1538.9003585320154
1615.588697206062
1597.4420543396407
1531.1304499754572
1490.2367441233985
1429.7718919132606
1363.1826734331437
1278.8392975228437
1449.3062164078492
1293.0084830098574
1494.0147666406267
1301.5986638855588
1409.14730823725
1450.9951364595504
1389.3439484232674
1505.7418239223161
1408.3716998635732
1433.409101067307
1580.0234868376306
1514.746024853574
1612.5820944581528
1418.9291468101333
1304.8963714100664
1447.7473674239739
1527.2557187723519
1587.4666722260088
1600.0189354094082
1438.6857757457824
1536.6665455015839
1495.81923533592
1684.069756094758
1534.7352093406344
1483.1728239729268
1488.5060192392536
1389.880783641087
1459.2751404442677
1470.3398469484596
1418.8930602311839
1582.7833341174603
1445.2946967631908
1558.3416729717364
1462.3174347998788
1540.7048647850734
1396.635437950678
1647.617156677142
1656.5952590382951
1523.4398609333264
1257.4204044846397
1531.8507215192708
1493.5380223657387
1559.0270221791295
1613.267642782349
1660.1058245457498
1573.2113584689253
1558.590230440281
1347.128860906716
1476.923612663766
1585.891041689362
1516.8594198631836
1544.533885498227
1356.1258451352887
1651.514153220943
1754.363621887397
1460.0406612676636
1352.3956722952732
1542.3648176194981
1350.2075660179687
1311.6045356702948
1648.9443737569743
1435.4686895106588
1496.4865889395223
1467.3554895637649
1535.9555808034654
1393.8209872822197
1645.2914778796783
1439.5320593227789
1498.8323999654829
1525.5002474095504
1644.9489688137683
1383.8408790656586
1455.9996462311997
1353.1551581782514
1429.1522681086003
1514.0153056889587
1357.2134052982105
1666.4910867217181
1564.5209452367562
1316.5812234328023
1349.9076282319268
1448.168892457956
1319.038443741814
1502.815869232889
1554.6321034467849
1314.451361094535
1615.4925861041836
1456.6984440324309
1678.121263294302
1523.5599413899147
1539.8121102291786
1515.9846770665092
1850.6710826176516
1619.8848788177304
1639.3966666719286
1364.1359903491575
1464.8229505317547
1490.4351500630737
1267.009399371847
1297.855716544655
1322.1708283195203
1552.3887959051997
1458.8783230724268
1353.1928501240122
1395.8907078077052
1525.7643337605048
1538.7372158187284
1621.6235841052667
1332.6301660979777
1494.9682927142046
1131.5861568913424
1370.0551701916795
1579.3342416492646
1641.6217437529301
1421.287132217987
1450.169808731929
1515.9660463380374
1539.9420177408554
1458.9198906562756
1463.1911891416332
1307.4971306332768
1481.9720840789396
1575.2271587984685
1519.8448660136376
1301.55528212603
1415.5995508370863
1418.0706472592026
1404.0946025510987
1506.3600340428427
1679.740798792024
1540.0803751813094
1385.1241242613517
1533.3560467292311
1405.9209627764246
1453.0563787438614
1732.9205569117476
1264.7734401993325
1411.0561482674786
1475.063838627792
1537.3497516337836
1405.4005944036728
1475.812450307908
1454.9906307353883
1327.3623784626318
1486.2411954281245
1356.37887015843
1547.0907077328131
1639.0360953852153
1371.7972726087253
1300.7242282525199
1614.9335615743798
1583.863427618653
1379.779461195467
1512.683650307867
1382.7906757245362
1283.4817776356363
1523.2046933781137
1648.41476128472
1592.183275632758
1420.4715163789876
1381.4883792824346
1315.481941839273
1311.7172913209592
1519.1322136898793
1368.5444927428207
1503.5425427407624
1295.1785715634235
1317.3182445436457
1649.5082839931226
1468.081389518314
1624.9706904791635
1492.4870671432927
1356.352550559093
1424.9473513415533
1427.4679939204455
1350.7791475251502
1321.9626907343531
1421.011678018196
1470.3766206488622
1380.2168324796494
1459.2074395468323
1567.1323894098368
1735.6461398774518
1538.4088918529078
1420.822857201795
1510.5627172025456
1369.7790604534193
1412.0675748645176
1562.1903698693338
1538.4670406111325
1456.3359159518293
1524.4246165750199
1608.612228297944
1681.235797750641
1449.587686339346
1538.83335181054
1499.3543152683658
1249.2893268402922
1423.4790651892624
1461.093483872467
1457.9791713966642
1504.0344668459861
1467.1643877653187
1447.9902307266639
1365.8992244462188
1494.6234374776693
1507.1451750676054
1474.2422291515677
1512.9858117064023
1385.655562506649
1671.9221291783088
1463.8091368953703
1561.5528963075687
1396.2506049210376
1385.7514926749518
1467.7641189697406
1527.5516116778415
1583.8123712834274
1341.7923151747323
1443.0994624757866
1409.4773158725816
1599.9588790871103
1446.088576619617
1475.614384982007
1487.3374820357917
1476.2459702301094
1515.9158518349843
1498.5822110624028
1344.1430351700571
1320.9726904450322
1396.9366191126157
1383.6746333120864
1493.242722226779
1431.9019517788597
1534.7962002528095
1534.0689001357962
1577.5869574570177
1448.8522976135205
1522.8611516926678
1501.4574531098788
1562.3327182711078
1524.8357481396515
1484.234684500265
1453.3878045739973
1633.4813790847552
1346.1928922401635
1669.231231001655
1487.8872422758127
1419.2445237968886
1551.5746853215148
1499.7982047685348
1580.3475179989027
1711.7870731120895
1505.4019439310332
1437.7425302594063
1453.8068657622478
1285.9473057960204
1517.1577776447286
1481.5055058119196
1565.253568181829
1538.0245892075375
1529.2487562195768
1432.9746792313795
1467.7144542400845
1340.8532988336792
1444.1091566405844
1482.8484142552531
1561.8328752882755
1445.0604001696092
1334.1429403345153
1437.1153480838395
1654.6273668294755
1392.166089586579
1671.8557285860775
1452.3974090468591
1401.0810435599774
1460.9462275774379
1746.8502936579457
1526.793703181175
1542.7100739894158
1442.8258620153074
1607.5493685250399
1477.6032556496168
1417.8228954148567
1332.4901359391285
1486.504817468714
1519.0728426607384
1505.4252088162846
1621.9648676841532
1703.4107351124767
1360.309609061426
1190.484479710098
1549.975536278353
1455.068558882686
1417.138895439226
1436.082025273881
1311.1368501089105
1577.8918994632531
1550.145742784767
1218.2561436539831
1598.6900481575365
1471.6340122328334
1638.0630778119903
1457.4373028864402
1423.787192060248
1414.4228139256406
1548.5183628604996
1418.0491901873502
1491.5571753797947
1264.9950940579847
1660.8231766718332
1422.1392644372006
1597.3902012810727
1496.696506061941
1578.530062801697
1507.364562348793
1699.6007397306064
1520.6881699235119
1613.987663464198
1690.574325751931
1294.1886895835673
1659.6725526155737
1487.8077376611946
1550.8626580822188
1317.1815540433058
1379.7514785961182
1449.6735355651867
1657.1498357033915
1584.6439309103023
1410.1345763913139
1480.9696629894754
1440.6216203902513
1344.1096734605187
1502.5881709877467
1619.9203169715336
1406.837313283151
1561.5680430341458
1464.655908630312
1577.9252582224058
1627.0061219149804
1496.6759679303912
1454.4804062026244
1547.6280680210634
1429.4062988227988
1428.6818432848859
1525.288342230395
1373.7819167757143
1410.5477868419225
1436.5543059886197
1595.7648526150256
1275.2203423868712
1325.5147911595232
1390.4204652210767
1617.0599552724257
1431.687903376527
1531.567761593793
1373.4117297031223
1448.152420983704
1365.4106006137122
1533.9102325758854
1508.5790105692913
1474.2357762360873
1552.1950749722023
1203.9630295441698
1440.592046678019
1409.0371282945089
1547.359210847762
1508.4322968951285
1275.700795185308
1573.6077496523685
1523.2937980149889
1474.7745559883283
1349.8014995766334
1471.3826444477318
1553.5903752877832
1390.320098479801
1538.59591378211
1659.2360555311402
1398.2395286119686
1441.1708801606246
1590.163938666414
1362.973130298856
1734.8771748534773
1423.6753669144184
1274.7164988517547
1538.4001073388063
1548.6445798960867
1535.016736907668
1460.1852070832194
1552.7991667155718
1455.2152389503976
1613.4980868795842
1380.3355039722294
1630.5604930451034
1447.5486741454006
1491.192052648907
1385.783308810848
1539.3834070823211
1452.7584257503866
1523.359023097288
1519.0758265632128
1437.9494525332188
1423.0019184262123
1514.338414720622
1439.0512483091768
1512.82694029062
1470.4759926164277
1307.3980294785624
1524.7748730116232
1399.6610384691062
1563.3134646953788
1476.3501154424685
1558.3319544642138
1321.7236632186255
1479.6334165947376
1518.3328107558903
1321.389954412021
1583.0466703418185
1502.0959813628465
1592.1779773716798
1504.2630652780242
1403.8393545278313
1410.6566807897893
1476.3130186744092
1400.7892237667013
1724.0371731787857
1420.3295003137487
1384.287785885015
1395.8076470147735
1371.6250751544069
1475.2262594696567
1624.9760045640726
1430.8234389819654
1518.2742734049473
1539.2104822390938
1556.9721227710065
1548.1180741007176
1486.6552473560796
1646.5921184181418
1586.535773709693
1496.3116864141264
1450.8481653759256
1437.968222205738
1405.1474010591373
1545.8941086825757
1567.6586543787832
1527.811347463157
1593.1773755766608
1397.9244062003927
1280.749610770757
1516.5450286221535
1373.69995782499
1518.0754524819054
1477.693705904336
1599.4132023862385
1461.5851495017655
1418.168636279382
1541.2578984619024
1483.522741718912
1319.7052634160912
1388.4330961712335
1394.7057262184221
1426.911123191442
1545.6471763693085
1559.5727613751233
1681.5082133506648
1512.1730517772855
1582.0548552370021
1485.8050885286327
1376.6235581394542
1608.8117319360495
1465.3153297582307
1461.2311500281096
1500.2315428688946
1419.5527149112825
1482.211115346252
1464.3683410442943
1195.9922081798031
1609.8070061993128
1540.1866364387713
1401.5625658941233
1535.0580547965926
1493.5148012185862
1585.497496825935
1284.2181419205735
1521.7370678970144
1337.6840090655485
1603.8630277690559
1497.9480552678842
1496.5934645512225
1469.8668771531084
1645.1694429954289
1445.634852961597
1342.533379884895
1645.03751243288
1307.89004108759
1452.6915518887754
1489.543943065967
1459.7161771678652
1401.6940166813292
1428.9491540242734
1551.6677352272677
1431.0383365470295
1475.646916117243
1640.2016562687409
1503.7073867158588
1738.6887255532504
1546.9370983396877
1542.1733369025687
1514.5868243361194
1527.347335811424
1435.2068671894804
1402.7802391899525
1421.7122519287364
1632.1383005770344
1461.053937717817
1385.005540654665
1425.922461806602
1481.6351410943562
1395.9863174256097
1493.9301209676958
1395.7869443764032
1363.8366424930487
1417.3794107657495
1385.8216863581517
1628.934942299814
1581.7884925687204
1302.482658404234
1314.43932761363
1376.9399319019194
1655.4097277169635
1538.8619999371135
1444.427800590074
1374.576262410632
1401.5395560329719
1536.9999848723935
1579.319632626007
1499.8131523633058
1581.5234119644463
1478.3365898433417
1315.7960311124634
1470.6816760348745
1306.6303294803347
1423.727423620221
1441.9174541523087
1453.3197236616832
1210.5409921511691
1521.88646599195
1254.9976592190424
1522.756197748161
1590.4850924135956
1396.9790130793194
1374.238922011749
1424.348073963802
1548.7831435696037
1567.7048500507508
1396.8248404678463
1419.9843678400687
1461.7697860654112
1458.4471523068175
1570.6472428884995
1367.701281674129
1404.9736100855594
1573.2051112461145
1435.6550072845732
1360.8700623241705
1566.6636868846833
1313.6599539874774
1655.916406142458
1514.5834063682078
1432.6453518991068
1621.7772976474773
1519.160756443839
1432.6946776437653
1319.592605041289
1606.4097639361353
1515.2668903426097
1487.9871556054595
1549.1469281716481
1478.3085521838934
1390.8434288263502
1511.6284013746829
1547.4025078485236
1263.2086747266999
1597.9196951358635
1618.6821882378044
1454.050057385823
1374.3533854181537
1377.5389423777178
1516.95505400497
1600.4399947528816
1486.9296213319708
1741.867134926846
1684.541914402134
1310.601389116346
1264.1016867197688
1381.9398458096987
1559.0069376299589
1358.3831911256154
1581.2516766371307
1453.5085175016186
1254.6096227600306
1602.7516091459443
1539.6465506914224
1338.4057197865454
1759.2369258961044
1463.4467729604992
1527.102376749813
1370.1830831199813
1363.443907210384
1415.6346485383738
1525.1462947967723
1474.6898189715469
1551.0319979394014
1435.2388382727434
1429.3244423445738
1512.060788130028
1495.5430976351045
1494.556808706207
1520.393677810794
1545.4278807306578
1391.063775209307
1444.192859727933
1637.711479403981
1599.1550400638976
1342.8248063119013
1535.6277986148398
1569.6468349331292
1493.5839259344305
1291.8393750308637
1502.089393262359
1381.864375443981
1667.9394623747562
1411.9732182237776
1463.3407367825673
1590.7660136136988
1396.7772387146192
1591.2762648264213
1554.745813109214
1331.3491493982783
1395.507687336973
1438.2938751640984
1348.185363970844
1546.8263308769488
1537.8728016112716
1494.5001203524055
1627.3202190480094
1661.0808344025847
1534.9310629243896
1415.3404513454284
1548.1372052294535
1514.4749772041773
1408.614206733146
1484.656287992332
1512.2374038018138
1634.1328689279287
1439.3700068212936
1467.075848107228
1384.1790357074135
1495.5545316266237
1401.3697413289694
1587.4862369324935
1396.293317177419
1655.6545111079488
1582.1197993931219
1474.7679227914982
1405.514220023997
1503.927862216337
1370.494654492696
1516.7087209866927
1456.1368328201115
1580.1067441985026
1543.897219749058
1705.988577216107
1461.5261150018332
1289.5673443875412
1627.2335273814767
1412.6322310912885
1614.9224208437065
1481.6263872720233
1358.3739829540768
1364.0378513655826
1350.2685692214795
1490.625923001492
1409.6743498048772
1476.442378064645
1388.8901127080726
1572.6771158909007
1563.2487603956245
1498.8496473764335
1336.8313620286021
1445.1740111978595
1537.9907371551228
1543.1191324542472
1457.7874495380906
1630.5696085172951
1365.517669838346
1592.0004593051087
1429.5187021358697
1533.8047333033521
1374.5634677299406
1490.6349000388307
1775.5586942200193
1414.5987479175694
1402.717265570174
1457.7612640225686
1643.3480820595394
1550.7763823215928
1549.4626529940188
1542.469215029939
1506.0411632973585
1519.9447646052558
1547.673442433682
1412.9241882236097
1318.3856815860354
1509.5185028543185
1326.1305000925454
1441.7551860615188
1384.16454404898
1540.1822553843008
1458.4041782046918
1520.8222290054355
1489.3543022462734
1511.1963459177543
1502.5482265904077
1425.1987270008447
1461.7527932261519
1352.9367163747927
1248.518463451808
1367.904821377868
1621.4202189099512
1518.853043656439
1539.545817488796
1644.0985310472522
1541.3399470828015
1397.203108959194
1455.6344221211664
1464.4899406258285
1377.1229368217184
1581.8370527775128
1431.2332262407126
1665.629223952005
1587.2952255551695
1439.443478609374
1531.4361824046828
1531.3311896408636
1584.064262573375
1554.1258427583139
1599.669246680982
1492.3007283498985
1377.1233279803196
1748.835528683168
1394.0165581783738
1589.9710188396177
1372.080184351537
1345.3924877405143
1369.6760362173484
1523.6694765551795
1364.2410318408924
1603.1011185734699
1590.911888379967
1499.9162351435073
1602.9267624292493
1405.8380128179676
1485.324481103882
1565.172379724188
1519.8544468738264
1274.801568777312
1445.0195701912123
1420.147880060188
1468.7040660556424
1372.6436613910753
1798.3465181237718
1403.5748633446835
1515.2884137744836
1456.049016308304
1483.335525476638
1292.5508182862632
1725.966384208868
1333.2262855203044
1646.5176115573647
1392.9962748853025
1426.6735820059096
1393.5208261888326
1519.5557593751935
1626.2357732426306
1556.2110566638346
1680.5921243081984
1417.1174695095751
1499.0241696335488
1457.8310419923
1593.5497620023395
1476.156965719367
1507.5259855736253
1445.9170684819696
1566.0363513759432
1488.3520086258486
1585.4510866096891
1538.698391610713
1479.272824381105
1449.7321089255188
1428.7095430813113
1336.7629688400273
1451.9191575625232
1608.5782090540363
1606.6263250289016
1631.8636875314298
1485.0888954508428
1534.1171920493384
1501.3298156707624
1556.8313442625065
1426.1162965842511
1309.612416735129
1606.1593685456082
1434.0885610305293
1558.7744104494927
1457.0717345349512
1559.251262271007
1438.5521534214631
1613.822395255842
1736.230828065391
1556.3461338413695
1347.7088081484044
1237.6010754814033
1425.82001552701
1368.5190271827676
1437.6064662959081
1455.2283388558176
1563.263277357506
1511.277836356548
1431.593857762655
1595.853140209877
1568.4572071060345
1566.559405168665
1425.6917493624035
1413.9419081649942
1557.486126332761
1634.995776528375
1482.2285596785782
1409.7872907387193
1550.719271966844
1526.1355347730637
1550.6081465349955
1510.1097192220082
1305.1255346010978
1532.83796822509
1403.9911010934827
1557.6833721156322
1469.4898744521322
1553.7238730452896
1434.1424672572964
1517.3276277494272
1471.9563749256133
1396.1735750004382
1502.3280579575967
1444.2423131191877
1584.738574174228
1435.830879711484
1399.1867310683758
1624.295271007234
1382.7871880532182
1337.9734589806937
1536.5508343369218
1511.4058308099761
1551.820696757243
1455.7430569628152
1454.0130432551746
1392.9214326170031
1569.2137397003783
1525.6573217381867
1302.0094874611395
1551.645405008701
1414.2948109062193
1559.703580837158
1497.3007563463186
1411.7708013627057
1696.103372281814
1622.7220290398075
1633.9159272123154
1464.7953462061212
1264.068771054508
1507.1415864897172
1399.4842261735976
1350.5177706902468
1544.6926352909236
1284.5556569639252
1463.6491215890214
1415.5069385893455
1446.7162717091876
1492.4161362754746
1504.7748914823421
1570.538632263013
1366.8518100600393
1258.7542278095275
1540.9590774357848
1484.813368268457
1433.2433777743745
1430.210485873899
1395.6536585221988
1670.2409551372718
1423.116767848999
1396.1017526316755
1506.4274083820328
1303.009714243004
1623.6170372645288
1512.1860267843413
1449.855181269958
1300.4973902918791
1416.0469359469976
1350.1857703355965
1276.9155311005352
1433.1850763462578
1510.2733258875528
1401.146788857222
1432.2308177108482
1440.086802349285
1698.9107554002528
1462.0638618293237
1507.6552537536522
1538.024996713788
1560.8877350445148
1468.0836135432753
1463.0273547944957
1398.4488125529547
1514.6926366536545
1524.6062767445017
1478.4023582904122
1320.199577319491
1458.6064429568423
1361.2016563396812
1479.4449122516055
1189.6776239075764
1412.8237088889703
1615.4181802789308
1352.5416521473192
1313.1221110053054
1414.949768376474
1505.4902461595304
1578.9580971891842
1488.419327971438
1294.5813413443484
1602.9320687642496
1499.810574949696
1354.7126130454062
1472.8242292366135
1461.2944481621655
1578.018968434504
1379.8247384753554
1434.0636944718099
1571.0464669448825
1367.7391215597002
1356.4308724218272
1640.2304561988851
1476.9414176653836
1516.7804110719114
1538.5839457343702
1619.2363745989417
1523.0506192880164
1501.9302004517633
1534.265028376648
1364.728360923944
1435.4137484452083
1528.2574998941755
1509.0553634393934
1494.692916336563
1419.3672678294092
1399.6846928293005
1568.229320039024
1396.8119408137275
1541.7886255316153
1461.8571783797136
1372.202571213157
1365.6047780533622
1437.9694229869704
1474.514295792761
1403.740834944546
1532.1155698490236
1521.372536825555
1404.1750229067848
1489.4752135638898
1436.2920951920132
1422.8729873164698
1409.9191004094034
1417.8480536924246
1457.3447865311086
1735.1100616697559
1413.1224721195576
1594.394050928008
1450.2418058862008
1536.121698656993
1481.4011882828352
1456.0974408711907
1476.2844657138203
1529.253889005474
1561.838485743899
1442.7296903796066
1572.201951365243
1484.7210223022207
1550.9555658847332
1554.5305767777131
1596.8926853124692
1529.3597385582295
1447.7872216252931
1606.1240215613846
1362.6500972804567
1571.5577999477518
1439.1298790813587
1602.397211180035
1469.614271332468
1560.1442806024882
1413.6966561719662
1495.1802072343753
1385.3551035743687
1373.8890184343934
1565.0804676281314
1527.6079046633315
1657.2320524553695
1543.0872859381645
1385.7094597337302
1469.1387188650604
1517.3337650366536
1418.826394565328
1521.3170938885942
1531.7958888674939
1420.2161608926672
1552.257129984263
1530.35753432533
1403.2061325618538
1432.1590635573912
1395.3997099578487
1474.3542890016397
1568.739525930632
1591.9815907349002
1233.547923019345
1495.4359868706783
1503.3366678506345
1553.212475392911
1483.0721141566553
1434.5201186998256
1484.1647394614056
1518.1974717388848
1530.4782341286862
1449.0277782912372
1500.5822810378697
1435.6430233513715
1660.6197690494691
1620.2823865477505
1516.672863828298
1254.4461423994856
1776.5856309384303
1466.063625462619
1649.6845538140487
1322.4921598842254
1618.346962768647
1483.8156863000881
1336.0039251084372
1507.8875410278495
1394.3188823941753
1407.6659923688446
1234.2822877389458
1325.0998657962318
1501.0839352884072
1421.1182249478672
1486.8534117263596
1479.3827098106776
1576.718949554301
1647.885272400831
1519.7643073297104
1462.3721843769888
1621.1847544094364
1400.5558655078976
1583.8718722226452
1409.095105351859
1507.0487549335014
1586.4991598420659
1518.1943271624134
1523.187527114195
1470.5870557403139
1570.4603480219798
1504.8545749868617
1580.5206669486633
1425.9560453426404
1501.276475011276
1402.672492586437
1332.416023828221
1597.5989370841965
1648.6981079494844
1445.1971703250592
1531.6711524711088
1455.2821199616221
1510.6552059710798
1520.1898122481166
1480.827998770195
1395.1044946842267
1348.3036043903899
1488.6139504323799
1445.4591813534576
1507.1489370042264
1626.5769969386313
1617.1717614070596
1403.8947408109887
1399.914176391398
1488.9953985355999
1657.9385686194541
1400.521543140823
1520.5666419798986
1472.1071834813865
1512.5353053153394
1544.3974223056698
1449.0367615639782
1281.9651202333673
1538.6483404700036
1479.2007543090122
1605.8641085633938
1528.701227879398
1511.2991644410602
1342.242322920608
1682.77847030753
1717.2288074012347
1538.9513671962293
1526.7345056332442
1399.9491539704347
1608.731689908672
1425.6311278935282
1414.772551227318
1486.8319775881969
1528.6034348315957
1547.0203759431972
1533.8539451878216
1448.7935241975524
1522.950384174264
1566.0889952198804
1366.5199409999564
1460.014843429347
1317.134232598279
1325.6420050496886
1342.9831493659058
1405.9974727646518
1452.5571019647596
1440.7653775876777
1546.2245776659195
1376.8118944047985
1557.2773217288577
1327.8332161823687
1526.8677077312568
1667.775791915157
1565.5105536605076
1757.4132247030757
1501.1540769572553
1266.354180773773
1369.0936726605028
1514.2652670113787
1378.9958367311554
1377.3266441940598
1432.4912575646551
1689.7634444824762
1411.0382146524973
1270.3824316418204
1340.263547323015
1622.4977453061172
1511.4994222545592
1552.2299835166339
1339.7088989929248
1574.3999017036642
1326.515911337918
1387.3291427979218
1323.9186552791812
1691.1751524558233
1504.679168074467
1350.3722954838047
1479.5158604913306
1621.1998453847352
1512.9444476690835
1468.5012355872045
1634.1175922212935
1707.2286905513643
1501.370892631181
1535.4393649835813
1469.9451881801692
1447.8616986690367
1518.8755922311336
1422.8605779164052
1487.8985036472106
1464.350195585076
1544.9040804331212
1568.9408851502667
1635.5429412099436
1474.5022315927406
1612.4548443650167
1506.5832488650055
1481.948292355388
1558.909202508984
1297.7463218077262
1694.5870724911354
1494.3886585699731
1489.363071282353
1529.2894610186333
1562.5849306477023
1377.884902828468
1494.9780279113988
1505.0826667763201
1471.9646039654733
1502.9568327125673
1558.1480755250534
1488.3269694436933
1437.5839525094311
1568.4820962791782
1548.005670184038
1483.641143948008
1515.4852116021827
1323.6252595232545
1539.283183279703
1611.562597098265
1291.3347833556636
1582.2766444696665
1596.3470109599848
1337.0848202491661
1516.833934775503
1495.7596987105865
1611.4293199559527
1420.7236877673715
1396.9184622246564
1375.1487427517818
1330.4097988530284
1582.052983486855
1501.0895940477105
1327.7910150897128
1301.4729848379143
1412.331921184315
1353.9248210689193
1365.7293795757903
1415.418371184643
1346.198541666162
1565.0348343999403
1251.2016725228873
1664.7709124627168
1498.0634509871313
1657.2358121243583
1415.3208067116302
1423.3351933223296
1492.4984467134361
1468.7836160716938
1471.5663474349865
1371.22204193154
1530.0638845665856
1580.848410260058
1368.5200408055046
1286.6732969704885
1541.7075960227598
1578.7460519322226
1386.7465969046252
1514.2745669176877
1606.6549944318865
1431.7101328052047
1410.8259736180885
1388.0929476017727
1428.8300528373265
1439.8792073367201
1361.710936340401
1455.222465834605
1408.5331469992702
1401.7847456352574
1419.779760447436
1369.7559200303258
1461.4203594871994
1343.5511330344232
1651.337206249683
1607.2004526257801
1561.7080284618467
1455.8951961507237
1533.1085206613018
1467.8602434515396
1534.7100829664932
1629.093517791164
1382.1287935244006
1278.2746983145123
1508.5604842399825
1535.2301037822676
1529.1345023569584
1635.712972437432
1381.6506307422492
1529.0556391966602
1305.6296186538998
1459.9064827353234
1720.5173387372267
1509.2706076356908
1519.097919117591
1529.742793920418
1352.0772424527506
1394.4567736087383
1524.082649991508
1595.333480958277
1622.1227452937587
1211.6509905663506
1440.4638454818594
1511.9557406476326
1666.7195775335226
1554.6857656067127
1403.6972343703217
1394.1428548442652
1700.8014795018514
1487.8150419564713
1436.2931098178703
1492.7020524946151
1447.5721722525868
1533.8911752564723
1453.4013872836497
1481.6963424129992
1529.3070441732232
1483.8283437075347
1675.1740486937626
1309.7515489261643
1395.9339470938055
1581.0437408554321
1445.0890436227633
1492.11714248258
1449.2887889705282
1470.8413968327047
1551.6389385658965
1466.476824105021
1329.154504648913
1588.2573189754373
1465.3507208979609
1581.177799240043
1600.3442020787234
1579.6367925502645
1491.112072553317
1593.5837381537235
1294.1654164459378
1610.1180101531688
1410.1942652578634
1436.4063592941066
1392.0317504499924
1370.976801179882
1496.8554751732568
1443.4508230416652
1556.7625540801048
1588.0479704985282
1284.619337721946
1558.061439016817
1465.0115471170818
1593.763445063028
1364.6326003492768
1433.7328449825334
1402.7209690254258
1438.9689917418011
1648.2481782947136
1401.6122731634707
1462.7485368814039
1493.1907666213529
1351.7143256004722
1487.243401971424
1470.0607806193643
1415.6079083638938
1658.8352956404635
1539.4564100526657
1589.1806907255873
1533.6739622184787
1452.509981855601
1410.5604281893668
1575.6897267258764
1489.1120964318538
1716.530525671889
1671.8789041841621
1479.8177143267424
1487.5275220099154
1642.7483962903773
1464.8150461603932
1478.7661094178654
1337.734897440472
1407.1086712001227
1509.332366992572
1467.828692528726
1278.1081665027975
1557.97667193402
1441.942536743965
1586.8365411650936
1569.2739086734834
1571.2677115436438
1367.3370514615244
1314.4174565103958
1468.0447019020326
1608.8893952306955
1522.0582173324008
1672.2316924446618
1422.943922470039
1555.9271391033876
1514.7108247704743
1513.2361478519047
1358.6939318012521
1573.2124673622136
1325.7490845177008
1455.5928387069816
1499.223773677467
1522.9425538357011
1560.6208921963719
1361.621380389775
1451.536272765535
1425.692684939096
1601.0555709912944
1493.4440416590417
1437.6440266445725
1548.1356063360151
1514.855926104554
1347.9082014161254
1341.7917269242507
1482.5351789427477
1481.7977996332113
1208.2043801863274
1513.50776995185
1301.2430356133914
1354.025817927446
1631.028608683479
1555.8777362939882
1464.7161378733163
1452.4141187340088
1423.6532049179968
1608.9304620804426
1594.4542381740891
1605.4524112755382
1566.837449755907
1484.675369588394
1421.1035188723831
1558.7333959643477
1386.7832077677683
1304.6780485909128
1453.8415042634274
1373.7857489494793
1318.1962857714116
1512.1962740831361
1535.181562383152
1504.7759564815215
1474.110064868792
1574.081030394914
1567.8965502001681
1547.9372740480298
1547.507741029493
1387.3663945733415
1444.677288903455
1490.3041589539216
1339.0078206515068
1648.5158813146886
1534.9879571273666
1567.58756263499
1308.485211150922
1415.3509975901666
1540.1870835517354
1589.5102442497628
1389.6682041486824
1558.195325992691
1452.8856900099167
1311.9688262993113
1541.9922368210625
1532.0775505242502
1380.5036624852903
1528.4479260247097
1447.1965820148396
1333.1530897915477
1611.0276703318668
1481.6161864762287
1529.8428394013072
1348.129779623542
1658.1758556177797
1513.5729303070984
1575.2540192076842
1404.44670633646
1587.0133746615966
1257.5634735803771
1752.9565824276913
1320.647548110394
1427.7652200580021
1569.4596284629597
1391.1987935828404
1433.9423061582163
1441.1306339510875
1569.6886798311002
1406.1453046691915
1656.6543373036557
1543.8245211418307
1338.2509461966313
1420.656037226255
1518.2659614961126
1387.4402662406665
1382.7683153997707
1540.249507055114
1452.746920776486
1378.1380515261694
1575.1296972769642
1510.6086909664084
1545.1774115678636
1721.729777531395
1316.9337172507148
1504.09583941329
1423.122387741616
1419.5433504186633
1393.277348560264
1519.3087143838382
1399.0426197858371
1626.4406357160365
1461.3067452175574
1617.3862748692184
1484.8375389545704
1401.8630325684808
1458.9928604365164
1471.9794783873635
1293.6601104539532
1320.1698661367607
1479.0427445063915
1561.405270110851
1581.7942843945452
1521.3468906334463
1570.87811790582
1665.3510419212664
1579.424465941104
1513.609789666414
1407.258623841352
1364.0654604346255
1569.8071902420575
1550.01600467125
1362.6861407358301
1480.4297855082505
1460.6820999996419
1498.712078373256
1509.5632568146486
1600.5695196386043
1512.9347462915712
1514.9466401970935
1498.7906482835613
1585.8855052641097
1412.755589006173
1587.6756768970959
1488.9171913631164
1493.0857235270873
1235.3847852001618
1576.0097260688674
1629.9968151734383
1472.7767532260382
1454.8631707188922
1556.481735743906
1388.4954685840148
1593.440912352171
1648.6657812936608
1408.200717338717
1467.6149919497293
1554.8464012246961
1533.926183614598
1554.3000643523776
1553.237816960276
1660.8547219056911
1522.0133801290924
1378.8128195392314
1405.5176117809642
1706.241397783421
1545.4006345038351
1325.4896139744685
1388.8560201926975
1398.2546655677777
1480.7700981292771
1473.3485026923854
1403.748020735877
1562.508560143082
1518.112790437561
1708.803422906339
1534.1188753059657
1478.3408001398586
1462.9032950739884
1525.310706519845
1580.6535778126258
1500.5271895470985
1518.3327107475056
1411.6135913766993
1470.200069457043
1392.446411560718
1454.0437312583313
1401.7177604493918
1473.0805810838694
1426.2258263148233
1257.7626344515143
1488.2419821195786
1357.8808489792764
1665.696721043593
1532.8925422970406
1474.2624772351003
1495.5742212427715
1558.338316485102
1372.8069181334913
1522.7896285575075
1316.3435282759056
1447.062497008328
1385.1191125571736
1375.9284958872136
1570.554199522956
1678.4474512520414
1491.8192164819154
1482.4830439808493
1601.6610595354557
1679.306048239047
1564.1786459994166
1492.8934920475529
1420.5498379707176
1447.7979703377912
1442.2815721422255
1536.18083943277
1515.5247897562829
1542.6946733359914
1319.4231217784065
1527.0705615937593
1472.61407921751
1527.8355690203919
1446.7674055373589
1619.2044560571285
1635.530543571185
1398.1252377958788
1538.5077208751877
1309.032985017583
1496.5990873166422
1474.4872060735484
1401.6913693303957
1483.9981450788553
1508.837794530116
1579.922023033558
1502.4987866126523
1389.7294170929868
1511.4428945986901
1323.4561520910477
1362.4917290937244
1331.264170523925
1276.823808326958
1424.8663801354292
1663.993539003903
1571.848821118117
1489.86754582439
1445.9979698743682
1520.168912879772
1578.9604327517006
1536.7989135265955
1585.2189858246666
1312.5673964488597
1300.5802991888836
1650.129205996458
1498.0352253243097
1275.9827669294352
1460.696660673848
1568.3514988725224
1473.3679777928103
1525.9907888608857
1541.2178286574658
1516.6342533131187
1525.261279547089
1490.704334117039
1433.196396958401
1311.2759071490045
1539.9534253936733
1510.549331767132
1567.2084557497876
1666.7726190313776
1465.898624179695
1493.91797913567
1430.4927544027848
1450.1482378313806
1446.8866955723945
1575.2655599807465
1569.3786412529107
1597.2964521746162
1375.9550734687652
1226.2066612984536
1377.0241853951093
1462.2071672086026
1398.4468522352809
1366.2134954395508
1397.521130773285
1373.809083708727
1617.5671136961903
1498.3397450774964
1379.2789401351176
1482.555365218938
1543.6324589592957
1503.2386292916624
1536.8144820017192
1413.8755291238904
1430.4730795618846
1493.2614108305977
1486.9663593987184
1426.7261627330479
1381.0727497698763
1476.1720329875855
1329.4228286492153
1223.241325643046
1536.52948578487
1381.5515653852972
1555.2064952520934
1438.1434973213168
1317.0006094982623
1707.8256554609823
1492.4742913426512
1514.9596241015
1365.158866585209
1594.7928015352086
1348.4671389301957
1636.0640475565822
1470.3892590027185
1424.9866420250146
1563.6109209716928
1519.6528336492786
1538.735754080949
1499.8533216777478
1496.8824880188565
1452.6820109673693
1448.6667244248836
1373.0860993713534
1496.697544444828
1572.9716212981118
1498.3565788736307
1440.9338817261555
1390.5793515064518
1543.2298178336923
1579.2995282596225
1517.254766406023
1378.606370127356
1341.501049365984
1471.380018485958
1432.8819086815965
1602.6200524244477
1548.066707842179
1591.557322044306
1668.7744379951212
1456.2765321674628
1443.0873310584323
1276.7592262835237
1523.4717132126584
1513.6318557265108
1345.9409354936677
1438.8999143191597
1502.4178535805888
1462.763939284471
1476.5512700559304
1401.0053088238576
1503.2171310414212
1525.0531813216835
1517.9632933997957
1460.773496551896
1592.565910675351
1415.2592595706844
1427.7244080320133
1574.3770798715223
1406.0171383361837
1581.86866123239
1557.8447270546067
1221.4103061865817
1491.6657725974387
1477.825459918787
1582.2475343339925
1635.5043603546478
1401.234975322346
1637.3072577291357
1633.0290925210243
1422.6892473883706
1609.8503900754176
1518.9456900214914
1358.9576198713537
1393.8115620418316
1561.6630018551691
1414.0932090168358
1447.2321005941258
1542.4659980050515
1539.2058627459805
1441.09049807437
1654.8231750182513
1574.810361518626
1376.6881695635084
1395.2710755006647
1603.7339704932476
1426.9763066737669
1596.4193272906653
1540.2467474746113
1571.552901580192
1478.7309786810242
1389.9771836122432
1258.70510407243
1574.8244731474351
1580.9282604960713
1559.6195283284756
1471.0274474953383
1592.3228746503191
1399.3579057232685
1709.718430546016
1511.1248940919675
1444.5454741911728
1503.414883432141
1360.851640985522
1602.0322069609263
1657.149246341409
1459.1420308692686
1406.7443463194782
1632.8786640605358
1364.2251442750594
1473.44769153065
1457.95249989586
1513.8683523561695
1340.220792646608
1334.514583521298
1409.2991506156907
1509.8948722454472
1474.7959692199481
1598.2021004024166
1376.3012452946004
1569.8719599247263
1484.394175839347
1521.6262762691533
1404.6698684692951
1554.9945631519292
1492.9458071570552
1296.6728666357494
1355.2939748569831
1460.2715748392711
1431.9749519585205
1477.3301258691963
1483.4875052875634
1329.526041740461
1470.0081667927604
1664.0624611136266
1363.0521600998366
1350.3477626954632
1640.9875786573607
1436.2138078986652
1397.8343166629625
1409.7213865612055
1659.036903270206
1590.6534781313903
1591.5871197478277
1399.8619900676738
1377.640841000289
1533.5692093955977
1496.346019983259
1546.5312163472333
1510.38162855004
1505.3785819401458
1440.4367333490331
1428.8073141114203
1720.7729796202104
1298.1047770842638
1569.100542780018
1329.9155974166088
1376.7905431325303
1418.7512203732115
1441.1863230946144
1416.8908814286028
1446.2805353586089
1609.4020052638793
1619.1357989045487
1426.8690384298045
1312.542742086537
1477.3175464885285
1494.422111107366
1505.4256736915945
1732.6789026074266
1495.853640328935
1478.3066763208747
1462.0153093249228
1492.8643097802935
1475.941444624952
1493.0854159903809
1578.924780502131
1533.9958318158788
1439.0098991699267
1551.8520861409856
1505.0307366432648
1520.9860692195493
1556.4061472318665
1454.7250531099414
1493.9912453800505
1281.0793085962098
1322.0970235465384
1495.2445047806393
1352.762171226856
1539.6689371822024
1664.9046196235508
1227.1468802154166
1391.3296865467544
1469.8521749571212
1680.5654405892637
1396.771711870981
1533.1268445204546
1444.7100796157724
1394.995560866365
1607.368873308403
1434.2071428807042
1649.0740716028413
1644.0563095162497
1552.714661379694
1536.543761718001
1400.282154052044
1275.8099698993803
1288.60489677344
1195.1637127679096
1466.8233498218056
1498.7230488344128
1620.8649099445392
1645.5633302683882
1457.9367234444342
1468.0620916131159
1561.699167994075
1567.0778335571326
1343.747818567975
1403.3147459259455
1458.839687021509
1543.4117039985783
1668.8109660040482
1526.8529751259575
1457.687527247174
1182.2532959979471
1490.5158680576628
1486.5384323249934
1479.190793579822
1529.6192104236986
1414.117921546071
1441.5802639878655
1411.3305789415604
1502.7372407783128
1408.8284300755806
1449.2105211736125
1459.2657026426973
1445.9559784682901
1685.3376546811892
1500.0089580562103
1335.0309897332897
1551.9679645036824
1475.3343164826522
1486.082094104661
1476.7230053493022
1490.0788676372872
1528.4519085161073
1499.5327444522193
1439.2387195189363
1444.6953416583483
1464.1349740082467
1435.390392515573
1573.7932431951529
1379.4866042505155
1407.415454854269
1516.858926195804
1511.431553552197
1539.8992388277177
1328.6315839440783
1482.8953506850523
1485.6671397849307
1550.1054549221108
1520.1762563685056
1518.9181037055475
1463.7598257830111
1469.6607595485243
1474.9750598800958
1447.3403627601492
1319.0329108608616
1537.8214303469833
1387.185438576892
1545.0698925723025
1524.8358722137002
1513.5893680977047
1457.4849341744093
1453.1622073749493
1582.6769293144637
1601.7037480428185
1460.0191024732976
1492.5076386902192
1575.408223672192
1391.7952232819632
1316.0233366245257
1344.821486775788
1377.8516281413413
1488.9202851275136
1518.7738378161082
1599.4553348773381
1730.4536349929695
1646.6963183482312
1370.9841863140878
1377.5022651490906
1464.982996023328
1528.5562714673665
1553.7059539443171
1571.7620198093682
1505.5090659133843
1486.3186133619947
1465.2691587743127
1225.7259584520343
1381.9290445445813
1446.5507585340852
1323.8846907964178
1471.763975012197
1333.908405356192
1594.0488395638222
1503.770859531656
1523.0349453061044
1448.167691931961
1539.607437966286
1405.0523048736065
1618.8012199420834
1426.2917227867365
1579.579293502311
1614.3328529959194
1518.7591467990821
1351.4251389383485
1560.0936973973176
1565.2800302961316
1515.412806290526
1349.9102494248443
1462.8277068280456
1404.845052860035
1362.7869964889785
1560.3623097473794
1680.8484973112334
1631.2952451710635
1334.6327103683805
1679.4254601777575
1502.8945133761426
1324.2532976552498
1570.3937299106856
1270.9312752362182
1491.8702606973081
1304.2215488187435
1641.125002849261
1418.594421419411
1509.3836399400718
1533.615373953949
1589.6912436261111
1530.6573466696652
1527.8608559644983
1313.8488157618572
1467.6344838002526
1393.0429305904433
1531.7327336346534
1365.3026548135254
1430.1078652618166
1490.0434219455944
1640.5217725386694
1484.8601614205797
1249.8006343859206
1377.6437674551614
1554.4626304837102
1645.9242924523053
1288.3553435358588
1582.974866604812
1440.8264707275046
1566.7145587181303
1457.0550784131672
1376.0291226183533
1639.3666133209397
1409.7565526189449
1374.936943307988
1575.906674737901
1442.454054519149
1482.9760125114083
1523.6287706136025
1495.3598915685502
1415.5252903133185
1518.3444666499795
1629.456477124036
1542.1614359082407
1409.2322135059032
1376.2689166280195
1525.5370434732706
1608.1933687776002
1272.6215982526605
1576.2350466578316
1476.2198172514607
1518.8974851857274
1308.088800083331
1462.1665371100726
1507.3775845810158
1434.5226187687958
1620.956007111683
1411.5158282932584
1649.1581110207487
1401.8159486375798
1496.9835267099024
1611.7866086002384
1564.126343444526
1500.2181717506005
1423.3842227202003
1438.723442778195
1420.8742712938179
1573.6709104173553
1486.692751390264
1537.8043899804356
1394.5183464581435
1474.2109015172834
1667.0004669064595
1342.5210489219373
1416.0773999593184
1500.5304674012311
1422.846648233886
1561.3982397479754
1458.6688092863994
1444.748936279312
1530.6144739359759
1504.4785155970847
1427.3314107253962
1485.2684346702163
1676.281479644889
1512.6962510313194
1293.0582760291836
1467.0552874823245
1490.2674674440607
1322.337880179658
1370.899255599686
1344.0790469774636
1438.3800842180608
1558.4354113127463
1456.040089481686
1507.7128636311697
1481.8324910732147
1678.9487092305328
1442.0938763004488
1507.7168613968608
1443.8907769237053
1414.8202615542255
1410.6318666171126
1436.2506104946276
1435.9675397034957
1344.74783543244
1374.9755093722722
1454.5104744638784
1467.956680103785
1346.015147477898
1563.4018035631498
1490.4649529866595
1512.240452457731
1528.0788763734627
1512.001898591265
1208.0097563868535
1458.1622675364758
1433.2793664060507
1559.7557496238462
1457.210780708028
1472.7952947362373
1599.4963785751613
1580.065950191634
1629.5569185901602
1471.9028610928808
1476.2334018265703
1385.4123392816357
1514.7634445274923
1625.7457666685884
1389.5896914284594
1340.8912130443875
1474.3713959958309
1382.7456677691519
1531.1782197553798
1518.3690261280888
1403.1368189337645
1353.8618894402027
1519.6739827677247
1385.0530443051198
1643.145064772361
1376.6750678431113
1404.6409469019618
1480.0616968050952
1237.8219564023702
1585.5375538608137
1491.0222742864732
1552.4515921556526
1474.1103768760115
1358.1806583302644
1587.7125007204568
1502.7192165877345
1587.5042277141195
1451.235004558666
1424.4964688777945
1505.2295850225564
1357.591985042847
1439.427338087802
1363.3834252372626
1399.7804375609307
1358.1862348461736
1371.8363558464564
1376.3005948978061
1639.5735369743238
1620.4143211905396
1426.4280429349835
1543.0423590487947
1698.397815748869
1678.0935291634553
1386.0511064448328
1639.2742207360209
1473.2854316616383
1606.7113914582355
1541.5967667459047
1410.3142566758604
1261.3296660835979
1612.9636500034528
1607.6401826711283
1406.2784716245433
1602.8318562385439
1388.5996309073892
1329.308993875209
1570.7000007448632
1355.5238723208734
1409.5373552063256
1512.177662269194
1400.110556876031
1488.213754788097
1385.5850558143904
1503.5914917108025
1432.8037092577085
1549.6445389890714
1387.4906853550783
1375.9046997701348
1488.5940403303523
1624.3564446217586
1545.5205488564116
1348.2998833725962
1445.508477867808
1320.5641213061026
1501.0053408539352
1655.3904723839148
1304.1757476185646
1545.4388642983176
1470.2863605970485
1409.8878424447219
1609.629740268337
1450.4905442133982
1468.041616836438
1395.8160212475332
1594.34188367111
1553.298367306314
1484.7087052736852
1298.239964336872
1548.157368222838
1364.7896168441514
1430.5412942365733
1445.0892553889166
1654.6063567796123
1490.7201938007684
1514.1627080917558
1444.9647585660407
1453.498132425764
1377.8358102058512
1469.502915413657
1191.4123820238233
1497.3750609903002
1470.4750834453862
1469.2607785843106
1560.5105153748739
1591.4335534712254
1393.5195651801666
1520.156592209865
1608.854561721213
1455.8023740012768
1398.3949215739838
1353.6845823435324
1408.2507209434439
1405.7853848240904
1525.2253434435684
1594.7109870237432
1543.995833977954
1504.6357695082804
1467.6062813515155
1670.192621717887
1415.6247961241952
1513.7344975683184
1357.3479112316304
1520.911032414978
1152.1509211924783
1465.833866025497
1378.1097702810246
1556.1378372093434
1599.1382474571828
1595.0985106559172
1399.010697688343
1324.5483353286527
1457.465195519802
1559.5946483078967
1531.9723467422418
1418.1325287787552
1467.0632897388728
1497.0835162853707
1447.2053158684441
1490.4990880196044
1560.5509627169672
1520.293764956098
1370.1330398265807
1410.887476577722
1611.030826127752
1590.2845242494661
1689.8960879294925
1341.9693067352728
1498.7757553065858
1613.6727289840935
1475.4616581456107
1355.990500204554
1379.3637004164882
1405.9290366248329
1660.2819616162458
1580.0708536723803
1466.2320137115616
1627.3913735862125
1504.6750328510454
1439.7956366626427
1314.355645363751
1526.7971851684774
1401.4651720313266
1466.5040797223212
1456.276856270281
1520.841255580116
1569.9897118533074
1538.5907696646066
1552.283818748916
1395.9697547697301
1430.5960070585566
1353.5464623852474
1412.4601902046186
1621.1339179999577
1409.0314527002188
1511.0391349883735
1503.2819910351236
1500.1606007867647
1577.981233599539
1515.5922758062475
1553.9117309881187
1487.632937142682
1373.8714506778913
1451.1230773536313
1546.5069351514328
1601.623436727686
1354.0776041276529
1590.4740999722712
1449.1355783303118
1476.8770748127847
1511.8393759950593
1311.3250845883522
1401.9053468556963
1218.6538908300352
1460.5572468711207
1445.5371576950322
1474.758221856668
1297.5177529967486
1401.815830000929
1088.94939542493
1354.1850968480833
1384.602659969496
1637.5173473438094
1507.9948910274657
1330.4707246659445
1388.4675942522756
1714.54464148776
1622.3063661784572
1682.6712148147287
1472.0824415858563
1570.638520576108
1515.9226225900125
1571.3114772637402
1426.3158024135078
1550.3833258362033
1528.8904030695662
1465.772542660876
1456.460263697425
1310.3689758743903
1596.1658168317285
1564.1573224052477
1461.4561433257454
1736.4475772629198
1496.9322609634185
1547.191825687351
1540.2078266343012
1610.38271270354
1470.2073382205917
1329.86148182656
1448.6878103236459
1612.9342925698313
1420.682149897417
1344.7143018347015
1567.3825982075446
1422.9497534121367
1698.012302932932
1383.49599451596
1662.0612017804644
1535.7286834270064
1473.9686701444016
1501.0885713129433
1617.4102700460312
1481.6835126212886
1310.0392289488777
1274.8063334568196
1313.4086360228835
1500.467453991233
1695.3751178575053
1537.839104753645
1640.0975385303254
1634.942690470275
1374.5859031987366
1446.9002170276449
1625.6883661313002
1396.7854727598074
1436.5359919025916
1522.84247481804
1504.6213459353705
1541.5393851827132
1656.004676506434
1574.2773812538314
1600.9409299675983
1236.5929792333395
1435.4940714321451
1535.6552316361872
1695.0698063333805
1369.1937084466738
1517.2064679672783
1433.3951887166438
1536.768523659779
1482.7909345018354
1651.4471675792818
1525.4365817296534
1618.529339041678
1465.7054161718659
1428.2253894713178
1353.1204700123978
1437.0093777464788
1534.6324016978708
1408.0841106158923
1555.9174814175274
1381.798074519355
1476.234370220123
1312.7898122995493
1441.7939317592625
1498.8746342958382
1336.122589610399
1483.3511772915151
1476.3799923249662
1562.2077685249149
1463.882272765466
1549.039619958865
1421.0704757161031
1545.2347999779295
1494.159563482991
1779.4801251378929
1428.7445370302084
1255.6329971927225
1215.375436493122
1446.2385898219572
1548.6266405009524
1482.4260460312291
1324.1923843212696
1380.195965954841
1573.33073730951
1488.03102273116
1522.1391964683314
1557.4036118042166
1454.9026424893448
1455.2672081001074
1468.53595063926
1412.8193772713748
1518.9474183966092
1471.0136220059237
1374.5707808378354
1519.498796289891
1422.3708937823326
1575.3945484133662
1343.3992697626877
1339.9357714557973
1470.143956125923
1400.2391836137404
1394.0683502212917
1432.5830828344992
1309.7869147989277
1467.8039700470108
1638.2505125809505
1548.6603142931476
1472.7601198302204
1605.4283910929842
1526.7098413424308
1428.5161085802124
1477.8983787035486
1464.1954980464504
1303.4146142250086
1354.9431582596628
1568.8221466514635
1379.0638376702805
1397.0443780566472
1537.1540690050924
1376.9891619477232
1358.828267755563
1327.7230192622997
1453.705755915849
1382.7451234589123
1436.6431955049575
1351.0579516699208
1417.9925388312663
1464.6937989876913
1336.2650401360663
1496.7974936582666
1574.3176986383894
1389.9175116894082
1484.0431621423086
1514.6039008048772
1695.5520482861073
1507.4769344407978
1301.2828505754778
1497.053331399007
1334.3455226143953
1401.6345678449234
1424.2105709806303
1554.9251943313802
1507.9840309692838
1486.2351407797807
1385.7673793223203
1535.8250620305596
1567.7183154287213
1426.392238625072
1560.9624102259247
1517.998250031324
1550.20859277736
1514.7644681416077
1185.4881187854885
1553.25328153721
1380.5659967493038
1316.1888621993296
1637.5306761210877
1666.1387398153033
1492.9385607746183
1447.395777181102
1550.8832621423817
1427.9617024074591
1558.0796090200622
1606.6292824843997
1433.7245308953588
1545.9135499803504
1517.5415229352566
1407.2382250820708
1564.5336132451991
1566.4341351463966
1341.8853063152267
1486.1947772133253
1421.9953733255784
1513.8157358042286
1468.9032825996028
1630.8315113781252
1473.7034656421067
1546.0757582791764
1472.4409116779716
1590.890319158379
1719.04212283055
1601.144827725295
1639.6892108782474
1522.6475313376097
1634.5999587927658
1747.8947155182232
1356.8117929483217
1415.0168091121777
1338.4784400715448
1396.1592550522241
1497.029494413048
1552.798539076668
1492.0195683665402
1523.1443071168108
1648.483743025907
1619.1363776767037
1640.2889511589403
1453.880908703806
1443.3910650864682
1537.4413419519606
1454.8529149716753
1662.6474214774578
1353.6685199454382
1672.8024938767928
1458.0501545869708
1564.9960331150849
1473.9103787556105
1648.5693885736496
1463.8234070732808
1584.4237289978068
1470.6981501847374
1413.8822816734964
1504.8008530350864
1672.8016208649883
1624.8138253156874
1430.9648246002773
1568.261448653535
1586.4927514851752
1454.8029340345633
1410.1452771268791
1448.341078943857
1488.2215198737824
1441.395359253893
1553.1646459664084
1524.5800085684748
1579.1397740691825
1464.8932404430354
1382.8920053844106
1400.3297619233983
1446.514847178349
1344.960719405354
1485.502320679913
1597.9991686307617
1507.8873819963758
1387.1602483218057
1449.4117590828716
1230.787903491046
1459.6747587111006
1463.739006781482
1326.0492852326472
1504.890273686281
1486.9450717974923
1399.4364909006379
1420.155824794808
1362.0803955797933
1616.281464844797
1314.6036505731531
1484.3253308947635
1467.6345632150972
1384.4005301722739
1384.3421320347654
1608.4962506642012
1426.7953119028375
1374.8970311821981
1390.215696885828
1562.443808311887
1370.247372079286
1559.615941538593
1318.0845584255826
1292.3317779323397
1509.896915335344
1409.0792105052476
1563.7418103345817
1397.4215329158399
1613.405796862747
1495.0892651565503
1218.8228709380453
1502.4478197424926
1412.2510179273297
1326.3622043867915
1496.0106196873712
1494.8884390719825
1468.622342115213
1187.3506788984705
1535.5201047803037
1491.7956250348645
1413.0444309342822
1534.3457768370195
1578.8818983605456
1669.1517827050868
1537.3212409049345
1498.974512342974
1624.927175140022
1642.2908217013235
1449.7326016259692
1606.7285919175124
1464.6251398547129
1421.9235436589092
1348.7514420432367
1414.3655524527271
1557.7655177976578
1266.1325076455526
1516.4024459515697
1342.1756216955346
1450.0858956678103
1497.0476523396324
1548.1330206585285
1649.4068272841669
1449.1558556537248
1434.68758089582
1511.3148450598846
1582.8438430319118
1626.615863374781
1483.789922386005
1577.351042129476
1525.3116308075541
1684.395978095162
1564.5892692120435
1669.3976274706672
1514.9590535713264
1457.7818091735044
1489.2043271109758
1541.1007879760305
1253.5935681234687
1426.3573563177374
1486.34527161523
1589.8044660632327
1605.384913784027
1454.9965993363246
1549.9479734051438
1439.3333657796738
1598.4576716921022
1352.7473908989518
1568.0407847623565
1486.1357061179567
1419.3790202847285
1360.6697780934146
1562.447820501223
1522.6618283105563
1294.4557294523424
1318.4367994252057
1589.1287111904965
1607.1261198309005
1510.2804902670566
1452.6460926043785
1459.8085195515714
1484.6149336891758
1412.4216904059806
1467.632942775052
1426.4462340688224
1641.2976500292834
1395.1904482513125
1311.9850122332732
1677.766442005532
1558.2913550496307
1483.2704199538296
1540.537198381771
1440.9644356201345
1400.2431509390335
1440.0200366848649
1509.079408603199
1447.248453751386
1316.7413247841878
1641.3237494482732
1429.1941004064777
1628.4080155636477
1633.2212671081702
1572.7850342461566
1530.6479489292158
1518.7473248759663
1553.5407648949542
1410.5240583604632
1473.9558216477142
1561.6119737809036
1515.0848543237325
1390.818435964861
1727.4450270483703
1552.5489957131533
1368.6860789739126
1491.1326586996913
1515.045842792221
1498.3294465881615
1537.6569601694382
1401.0806329305422
1632.3233407280154
1384.7842252777182
1148.4617136624315
1443.175130242846
1470.0588959345903
1490.1206706463763
1556.7902691115034
1456.4173197379605
1427.2431445501604
1425.1136003436477
1544.387052185706
1450.9963480491251
1406.5487006311012
1386.569190888214
1322.4494745919296
1439.8382805327215
1615.1237910280695
1415.2177994771507
1417.0785823502665
1536.3503777614458
1411.6747770594545
1502.7077467877757
1391.9788516278434
1363.281113429774
1431.3416197378954
1524.5459464645944
1507.952003378111
1397.1093720481838
1491.0256729888706
1494.1297527285171
1499.812123123909
1308.162281881617
1378.6152385461187
1507.3945855909683
1418.0627365208115
1607.2073332132918
1611.8028881428033
1626.9868402147497
1380.5231269177198
1418.4262449435491
1518.3263479657305
1521.3783564095768
1512.622227640359
1580.7147460953413
1530.60848120052
1390.624225106698
1562.9278397624053
1494.5445078247428
1330.491371855979
1638.833812644997
1387.747510957902
1525.6317487863682
1536.5432900533763
1394.6739213577523
1570.4663646200866
1441.2597966998294
1357.3291362709977
1355.27675865866
1639.3979642255651
1646.23488568455
1409.8930981867102
1376.8114785390476
1361.322088798818
1582.943030436617
1608.8018452689353
1525.7924852256751
1433.6094372499867
1461.7336667289342
1512.74920681305
1435.9156213031063
1615.8177824120964
1402.348072598547
1719.2014205732949
1458.7083980637217
1446.4155342143506
1300.1656372434695
1393.903469167114
1610.9885137736812
1384.0247482454522
1393.5364337468802
1465.4707682019684
1578.6941624186854
1492.7024539065767
1608.438180543031
1519.0567923233202
1628.1063892670372
1643.4431682881225
1634.3189291789915
1397.5601527806903
1417.212718207035
1389.8862007247162
1556.1637007895877
1359.084423674502
1581.5674708734255
1408.9143719735737
1335.0044196653366
1525.5905867583479
1484.700034078623
1487.4238958478102
1382.7968057980481
1497.9939060541403
1371.7251635058333
1433.5275251668643
1355.1382654289516
1351.0170529092484
1495.9608494249078
1385.689352663911
1371.65237258609
1348.010666815683
1586.0740824173688
1509.3897742433028
1426.4325568661286
1568.6483562448548
1474.1081312280457
1521.9685091015026
1438.4023791245775
1467.066991072541
1674.4136077030685
1506.14385603233
1440.7034062720638
1470.1494738699744
1362.6167559469984
1426.406388492238
1488.1383741459865
1483.4250500532257
1406.649501937443
1530.6496491650541
1640.9170167999202
1554.4193003469295
1487.8706734905236
1458.6557228525267
1402.7766295910078
1536.2017759094513
1559.2430753900435
1531.5925032748576
1556.5901103991785
1413.404407371515
1379.9518756543494
1424.8087234363402
1424.618481138263
1369.1452161542531
1481.2668430330232
1322.2038987587848
1588.1290784829703
1425.3486192279638
1508.8059674443502
1484.6177762991465
1338.2334648191932
1461.7318799754362
1591.3974170150643
1488.5008033409804
1449.2811889842746
1538.9176245145159
1502.376851877705
1345.39175652394
1422.5744327477573
1309.3815073107294
1587.7320309652546
1534.0372325149717
1304.624422286597
1468.0080573579587
1592.2018097338248
1581.2850701069522
1451.1757737847342
1438.3326610325448
1346.5372090808655
1379.6825355353049
1417.5489087637059
1415.2581365551027
1523.5616546162378
1437.4295424242157
1579.1300368312354
1568.272624413506
1596.2280942863438
1529.7833902934117
1368.043589537531
1415.829473484993
1473.5578581304576
1454.9288775534465
1449.435513028034
1418.3212909281208
1509.018949057619
1721.1877069858824
1580.6922830832777
1476.782140172437
1495.4838653749725
1365.7646607756976
1427.6843783892496
1494.511659255229
1529.9356532718457
1580.035575033532
1612.9754394303147
1509.3485049636965
1442.1768256037333
1410.3563374048324
1692.1498629684718
1558.033719985029
1646.6493461367504
1649.5132215300457
1393.662588839424
1418.9125396485733
1297.9210111580514
1631.7972403551917
1555.8467659964504
1615.8542375901745
1484.6661163652734
1459.280217348871
1421.8256497379193
1577.7475914108747
1555.9218486707282
1438.7535598476034
1500.017214109622
1529.9575861166027
1501.0176134361252
1609.642722535343
1494.0913409440795
1351.1390358543129
1464.6397178531065
1484.4097634897118
1387.3553628063373
1331.5816037757693
1432.6400083849014
1449.6636414047628
1500.8735086153781
1342.0073773801853
1512.387112409391
1490.699576231901
1434.882485686657
1408.9342278744145
1750.2199716365358
1486.9323203381218
1540.471256428251
1311.667519882094
1618.5240515718544
1364.3840501804918
1502.3896658520737
1554.4633973234324
1466.5943673933637
1757.3554467566958
1548.5323325459158
1593.4149420139654
1443.3734144312168
1643.0292238138013
1620.9212551651228
1295.6942789120405
1574.4708036365905
1485.399389716285
1416.5899054736508
1397.9028569650945
1527.9273349745908
1519.301257514942
1547.325968456723
1521.0411649484734
1375.603018781088
1629.9124937151169
1479.3219589286584
1656.3933837082056
1309.627740173352
1525.6595928320814
1478.3175737677452
1435.8373279300922
1551.6362545337684
1378.67455829732
1533.5325863989942
1380.6447745920036
1385.7703717778172
1425.5978052054938
1501.2083649538667
1554.2070761872446
1474.7394073478147
1454.7279416640774
1562.1718926732349
1645.7731572963041
1383.8809561038913
1279.162281949167
1430.6980253903296
1370.293485664649
1571.0693263973537
1420.0219867645112
1332.1887936702763
1321.496423396794
1527.337019994656
1561.77872930103
1648.4193104954898
1565.9167439009755
1601.2984337217101
1381.9450581500703
1339.998443953535
1774.3930826025842
1528.5610384582096
1472.8446960656127
1417.7668865916044
1558.3223427314022
1413.0712881748898
1273.456758265209
1580.2585716485792
1374.2792663399987
1435.3568511047245
1354.6962322947657
1506.0977977324062
1550.4001550858927
1641.852784615811
1531.8419160558724
1454.002235773402
1577.9506913589503
1573.527002671312
1538.2743745222294
1524.0077204497795
1674.2203574461942
1497.563124940257
1486.2681621433705
1533.604912264484
1627.1716693265037
1644.8754431838352
1539.546097155128
1623.007055412826
1655.76380911518
1474.628961265977
1489.813904754966
1373.0460956108043
1408.2043261719068
1457.4456214578804
1428.8561093637913
1362.0840365147435
1546.5734459337052
1425.2676557902344
1615.632922070166
1395.0306657952672
1563.395579905576
1584.2510933651906
1483.5774475286678
1592.1632368061726
1283.542008662812
1635.5026200474879
1669.7260919778516
1584.5148275497247
1679.8241918100423
1472.8844353701431
1393.7944886712535
1508.3481662582867
1359.553616684126
1368.7852773741113
1473.3572857022002
1552.2490848308346
1433.6729317948943
1545.9558915124328
1299.0235150563985
1561.2318772373553
1599.9793365009011
1614.8019577759244
1568.9202947349333
1436.1130744620116
1560.6868608867892
1518.5447421520137
1546.6338618864643
1702.9578457303046
1492.8598671787345
1470.5918136119878
1386.472671771951
1435.6617832655966
1335.3129087432349
1403.741499189228
1495.1538689229442
1350.469326472549
1510.4482479791734
1565.6509422190475
1536.8955314628415
1491.6386082953486
1694.2331189098052
1356.1002344604324
1441.1874669083654
1650.4513198172813
1447.778899259239
1507.2186356903746
1260.9026960770148
1566.3787430698126
1668.0454918767618
1528.672601858261
1561.4712647053473
1411.7234657517818
1436.0046651019347
1473.4820215380983
1592.0817218137133
1593.089056496192
1521.5054530562318
1388.719306720046
1447.9611173030466
1512.2862493394146
1579.8059208846412
1458.409351588001
1583.4306093055611
1495.643773988192
1634.210967749174
1429.0637063843649
1659.2024467000426
1509.587449257878
1497.4737915591325
1488.1557816765649
1462.3163959010644
1403.1845173791692
1632.3654183487072
1546.5825456762889
1629.0189468920316
1443.102748335615
1478.3022277581624
1360.069190946759
1415.8876653600403
1542.9283548537828
1515.0515780197895
1385.5687626706087
1395.9907715341842
1481.629933701028
1390.5807603915584
1449.9293619278965
1415.4365395939826
1399.6083825655392
1621.8466579625854
1529.905042798782
1557.6970249486867
1468.0166417228438
1652.2678833143527
1578.2543950121305
1301.156550255327
1395.2550457661569
1337.4152049793586
1469.5718272941672
1641.3197856118973
1413.1637383945542
1446.6870616427664
1432.1276162091874
1293.5778888091963
1617.6287949315738
1324.6478655996268
1352.8176000668682
1420.6791739157018
1359.846954528705
1580.1249452747247
1405.5362429702548
1524.491914365943
1536.3532827918484
1349.1129211575746
1619.0964547136416
1436.0240632657478
1379.3095088776197
1545.8756507354071
1746.7013188932672
1276.7279841031725
1481.5814352710279
1291.352007911496
1383.4275675653105
1583.7385248271378
1557.5582449217015
1418.0653124426542
1560.1265423559464
1504.7394763895318
1417.1718766402441
1506.6483561755338
1403.4977866627855
1461.3138165780206
1300.1589073723471
1526.105835527924
1430.6998509117414
1375.9420284643074
1546.5195793272278
1367.1152610906972
1556.288708653362
1539.9152500379741
1495.6981728174837
1576.3042277862141
1464.334400988031
1532.3171390472278
1675.614083739534
1552.0710044607733
1520.8432197099519
1561.1571026844201
1562.9726577326803
1483.130648607704
1296.5211950795197
1510.8120564263916
1490.0280665572989
1447.9048317048298
1505.3984029744124
1697.6398564948122
1328.8770557607502
1443.8722388797937
1429.2036603541326
1468.8077546181275
1513.4334404144265
1436.5320016838698
1320.2154858205436
1464.3204530755377
1415.5155794879092
1673.4926328708839
1470.4495284996347
1263.356857590898
1616.0339202967914
1484.2076644404924
1386.9558459584161
1374.590881324145
1556.1603397241502
1586.4712577606201
1373.6699996741165
1529.266914120366
1546.095895844022
1673.4263068583912
1462.168939446794
1479.8326999526462
1662.3095887044958
1322.7101220647467
1360.735332373265
1378.8289532393403
1379.0488996620672
1416.1029438276917
1459.6630524429063
1553.06346163541
1533.5992270082693
1464.166225934431
1436.9653178899089
1377.3016891565778
1634.4603160077252
1510.6957255877396
1388.553778717433
1428.5668520631255
1297.7103381405288
1517.034126131337
1544.0445791140357
1465.050048225021
1643.64461094192
1380.2560237243733
1570.0841702875805
1652.3431621764148
1606.5204032772965
1535.2337624815207
1469.1672048228882
1564.4796873060047
1345.4817734621686
1399.3900933310067
1660.3322821149136
1417.5788201004912
1492.551906277287
1483.4527991339028
1336.8348060533374
1473.7035843414503
1607.0815728007617
1396.7733346320508
1445.39698071037
1446.570186847928
1468.9903908470853
1421.6007795538344
1708.7514919209543
1647.5074429534122
1525.336259138007
1523.823564816093
1514.4541613555466
1469.6227415015837
1510.9765925305508
1377.6121621851094
1414.5304854347567
1416.498689053712
1657.930443089302
1309.726221197431
1488.7108780540436
1344.3469346894074
1590.0371529414763
1519.9163314500538
1431.9293318692723
1426.8606144054884
1619.3925053135706
1579.0954257203994
1464.9991709317367
1516.741352961076
1617.9901704079005
1267.3958464002167
1459.3544471147757
1432.5133810828088
1475.7754051134034
1512.2300841856938
1272.4466121173812
1531.3463573034
1329.434471851083
1563.0159450057313
1397.3996216454611
1573.8467092118601
1575.0173220972783
1335.826171783216
1496.2247896061733
1308.6719281172566
1498.6130978950807
1661.6203968283523
1273.4581593764813
1586.0450570103797
1428.4166547865395
1421.5023357666798
1521.9808408710026
1383.8828194869964
1294.1575116556314
1677.1383202648142
1500.0124535939158
1620.1287982076794
1397.5209151301794
1298.4265253376925
1351.7274348557967
1539.333725849221
1478.6402782261976
1482.472602132219
1637.8874309354076
1429.206872707352
1385.3571275297234
1565.899660277641
1480.7690187472813
1471.5142820330038
1351.6599499173185
1355.5201101688394
1524.8482335275683
1526.6850231739825
1617.0651310760331
1437.2936957223274
1504.3793277292662
1451.9017310001057
1500.8589581263943
1409.7450962841149
1651.1948984198057
1461.646605434315
1485.006182014518
1408.7122881376192
1410.1426114920812
1604.5381593030656
1389.3049376685703
1611.9265185421348
1395.5288512088441
1575.723879007104
1434.7170504097303
1343.6405329386125
1613.971591544887
1625.0269453053031
1472.9672524265509
1526.0069001419681
1562.8881767251485
1542.409285880365
1419.0711354055923
1336.0990067874532
1451.9808978319058
1398.0500223951196
1562.2984370006316
1407.6152962351355
1560.8750630360948
1436.4206849066045
1575.9157359213546
1432.6445182322416
1491.8652622289533
1490.7509179488468
1405.9773711922526
1591.881083460643
1651.1813056795684
1475.8460570366735
1585.6418959380449
1393.9966594548428
1685.7844133439885
1633.1926141039833
1425.7184779511713
1417.742548022716
1389.3985614178823
1337.3899057937715
1439.6384130648182
1651.4773217176426
1629.2440524553633
1348.3732472767003
1543.2940091627033
1570.8648507240648
1201.5791818833447
1530.5196480685
1492.5828223370377
1590.4928461429208
1239.2805063279334
1740.1453787810622
1384.7950444610042
1405.0496118568628
1621.1370285656672
1397.7474797867967
1578.6896145651767
1479.3529094837788
1397.850268699546
1414.409605311924
1627.9347474790436
1529.6201687815976
1396.9247339223098
1527.4495126909362
1599.0315160555226
1390.5311704297128
1487.50276252323
1545.8259586480763
1395.4603876202707
1494.3200999083685
1492.9530860053997
1591.7458797969266
1339.7566888360332
1442.4758095515422
1500.7845092488724
1586.0858371522145
1391.3361639015723
1550.4726893402385
1424.4177336521211
1358.0755732113637
1521.6356549461286
1428.741382352357
1396.884311920748
1478.1336135789666
1571.2807083397674
1490.7853009310238
1514.579610161496
1588.2324592900297
1574.7659779221008
1671.949635497342
1429.8010750799485
1194.1764762707667
1689.6395023398577
1494.53737439801
1446.8119000258066
1488.5563419885198
1426.668919218794
1465.0197706010292
1531.9072062839718
1454.8156491223544
1453.6240619248285
1614.0643495294908
1349.5389473094904
1405.9512814838945
1460.6708157620803
1418.3359644350699
1471.7700209015925
1600.2610664834585
1519.7125677940724
1439.1577487218797
1463.6295845687532
1471.7004953495014
1546.116867749375
1625.5779631151568
1509.3113210687168
1455.446609539921
1641.89060547914
1464.5070669455233
1482.8929764744546
1419.9497012329316
1464.7750314280152
1514.7470272283667
1394.0889857551877
1417.905974399616
1561.9098944743557
1339.5882355902318
1627.607659375706
1513.2620634714797
1386.3757223038265
1441.4667491972054
1334.429732900053
1410.0129801015053
1252.9762939793145
1581.5410476261923
1428.4773403117667
1461.0452164877433
1387.4266732250435
1446.9106717191846
1564.3034604460488
1431.040350958548
1442.2636597545445
1400.6577661913605
1633.4746945998643
1517.0657444567576
1436.4857820398809
1489.9097364686497
1635.9086741661297
1379.4878189866422
1478.9052381269887
1476.0929106122342
1450.315097087344
1509.0025844917657
1324.13627827279
1598.4412792039918
1507.040096987235
1398.5556834864458
1545.2053186777975
1569.8982450595352
1576.6825425265515
1476.5498263436516
1464.9545045525435
1460.5297716650566
1629.2752840242358
1314.391386971939
1508.163532988672
1661.3705112473278
1491.0846547418078
1284.3406208978677
1272.3338359704844
1457.5711345619668
1467.9949072595334
1450.6044075271268
1484.649900580457
1571.6848393327232
1328.410196680933
1570.8198254503636
1297.6910295100056
1493.770352626532
1662.543493123182
1614.6687924767689
1482.0834700451899
1465.7580887073022
1773.1511065706766
1380.3574495919777
1502.0977701041763
1390.3617775534772
1327.922905699295
1458.6921659097745
1643.218528912001
1330.9355892913509
1462.3010522290583
1416.6817044325721
1470.2220745561374
1590.425817444706
1362.609771308517
1553.3447286667945
1465.0262597453984
1686.757939382708
1341.6290413650938
1335.0577185810303
1485.1218378843066
1582.9806631269878
1512.6607236106927
1515.3936487314686
1520.0297480664365
1513.0496579134694
1421.259862904202
1539.3448442574315
1483.5692037674792
1508.9685340911458
1301.728145581253
1671.2929203304195
1478.5855085396104
1463.8004930970098
1621.149874540539
1449.173971008863
1669.356444295179
1342.3326327478717
1569.9626454557936
1486.687214776864
1657.1433884773423
1444.5387015710646
1584.9214327954487
1291.1172051011374
1327.7503119323037
1516.6834038988552
1525.5272289182376
1480.0636650346553
1490.7797395038097
1590.608484648153
1340.5633957328853
1426.343461453578
1442.115949853852
1552.7546190713454
1596.5459052013628
1439.580499205324
1487.5307653964633
1467.3908599331892
1376.4331640613002
1521.794427059366
1484.159934312585
1504.6978428551788
1693.8586336975334
1296.4637544033094
1569.8015501617758
1347.7194451330145
1385.8150932706537
1320.8372931467047
1438.9098897278934
1485.8820646743673
1465.7279029824438
1546.4952722801647
1539.9935234620357
1575.2993954214076
1600.6214868841455
1633.1055551647053
1647.437159327659
1353.9980737958
1407.5065932892069
1448.6220855348809
1380.6900804416869
1501.712852382464
1680.0834039943215
1565.3245485263876
1399.3743507941276
1521.5604470566698
1533.6834926922795
1460.9636949608791
1606.7562282624592
1410.8632988914185
1628.4000386281002
1512.41879429314
1532.8783309498565
1413.2014521513356
1515.461845515128
1566.816708152561
1598.0990213485761
1351.573753583684
1449.9289774000067
1434.337473598179
1449.3112918853953
1638.04356516535
1469.1256504928035
1588.0612449337743
1533.333306653554
1358.4257491981011
1695.9625805750584
1419.0612307884276
1416.0688319028666
1553.9056035868048
1534.6998333952135
1415.4214781198668
1417.4236961741806
1442.3581449333856
1469.537689305819
1379.6822024488724
1428.7865688851748
1502.7162431920217
1544.2102146521095
1363.1572523967295
1476.3058568196564
1513.0062859762033
1451.1524150861608
1581.6579561907688
1634.5331478247317
1312.7447646526675
1359.5711262752993
1354.7892738738883
1504.3271898445132
1621.0788310163678
1282.8308821827284
1304.8060033674756
1427.7998690495203
1548.6845176406098
1610.327004749957
1634.741307285858
1484.1525606622963
1439.4329877995408
1576.417701359224
1606.8472759055257
1392.6173859520009
1565.3246802926328
1394.3672564592669
1503.1748870173612
1349.1598586121456
1456.4304469426277
1588.9386258305149
1517.2549095070963
1502.1906497223347
1454.2672942427894
1491.7854028056433
1398.80226141362
1439.4172444930555
1461.9804778792243
1606.6283656455246
1551.361879021509
1573.5874648691372
1605.288218788117
1479.5770313253875
1451.2139016829208
1401.4708000459739
1366.8006071607679
1441.7404193894524
1594.689796527088
1568.271391901838
1631.0396300433422
1383.0987635977676
1469.014483007433
1508.4918657109495
1347.995170518788
1524.7931878360193
1357.8723682331697
1671.3718256407303
1465.668283579457
1649.2639792273746
1336.2358973885298
1605.7716265590411
1607.159111941803
1458.5659687763903
1472.5664077293452
1756.2302159859855
1243.7470956007428
1624.9282637572367
1619.4592733817633
1592.754247289524
1446.212199093893
1556.6460588724633
1407.2544886563323
1563.610141024132
1612.3059947019735
1427.9334768464541
1493.206147496211
1535.2181166194669
1688.0735463800627
1625.7010574219994
1374.3231251034006
1557.4806490120131
1357.5795442203366
1632.470726716293
1595.8019593145232
1495.005976966557
1460.930805273911
1495.8235332337001
1671.2590980196221
1390.883406141832
1531.0428423487733
1466.193082583397
1342.1986501027502
1583.544070989613
1501.6879040058272
1459.7438727610363
1559.1433729448456
1408.5685720564516
1280.731539017028
1539.8880025102135
1430.940426772285
1576.2672609409478
1459.120890736967
1507.3827589655475
1388.3876846491003
1558.804558864927
1616.9553095641613
1291.0224660820777
1444.2576756392496
1274.7136956524655
1528.635418838311
1338.9357053919007
1552.9182171835328
1440.427968060992
1614.473502226642
1544.8482228457644
1554.6135384070403
1403.1993369403544
1318.2114838578318
1654.6301814176443
1401.1501876525947
1576.7976858293018
1410.0060093235652
1433.1917744366508
1497.911511107363
1515.6029894006863
1438.3646911861
1562.5179105543775
1404.144726911365
1530.3888745929717
1464.0619053296787
1430.230494415238
1395.4374144196297
1286.8827133759198
1333.3218413563202
1446.9647192143104
1479.5517865387453
1445.0202790462704
1307.5402887307305
1310.6144646930854
1676.6515770128244
1201.498217659152
1489.6559339885325
1307.72737993457
1712.9531803805567
1285.3958198703356
1508.2541875315326
1764.7013708613026
1401.3552523053506
1601.1849633899367
1550.3233343633842
1536.850349459503
1420.715483564961
1629.7807192818914
1539.5273877713746
1412.8215225405909
1578.1838608349726
1507.3755251836465
1262.8615025516244
1683.2272504337845
1574.7380071365096
1576.0103481318695
1225.9210381874218
1458.2933170609244
1434.4354920469004
1509.4376365560388
1596.2547106836303
1700.1480633355498
1420.4077360245074
1579.163975921141
1359.583576632096
1352.9856488021849
1511.2521217105773
1632.516531594034
1509.6165807803116
1409.8604189641997
1630.8860628126665
1418.3303740811923
1387.263231595611
1575.3755707007756
1530.4256616985026
1583.1470894819886
1597.6410095989152
1465.9694523523417
1413.2870131665932
1310.4530911754155
1121.8878493475263
1421.9041060741504
1504.962720919361
1560.5048605684228
1446.6360717559915
1340.6992501240363
1530.2685329070446
1368.737737819154
1684.6262539923534
1359.7081029753256
1455.2779280559723
1387.7619499329965
1565.3949905945428
1692.0640476848243
1368.0469982020504
1497.28103768704
1358.5748811109777
1515.113341788853
1547.7978018462175
1488.249684067658
1608.0781666255016
1570.647789134254
1508.0469780801525
1335.076482194165
1703.2944433956586
1395.3021706917732
1482.6896428449702
1431.3347700649451
1390.2120763673586
1343.8679458185993
1408.1892738185945
1472.4474430546907
1349.1442353261925
1530.252470474449
1457.9859602678534
1463.5284984316486
1388.9880742192386
1402.4840443256035
1414.04633838262
1565.724275509133
1372.031360971285
1609.3603707013544
1420.5799437131632
1584.888451369785
1471.641209913942
1632.5580861879469
1470.7242402678778
1574.8658211855825
1547.1641210850057
1658.9369153879106
1511.8517474907858
1320.4584619493469
1449.6064230875777
1420.8266238245446
1632.5353207224894
1248.121706990482
1396.5745269534991
1457.4879476351193
1446.7044665209744
1516.517209720026
1549.9410493272687
1281.1580738919904
1462.7792246697645
1353.0671041342227
1659.7326748674611
1514.2263854152666
1456.270306959452
1579.0956761023647
1682.6121275605672
1570.9492706857216
1452.0847848666324
1691.6969800685563
1483.0181615638355
1594.2302764321698
1442.3470777773412
1493.4891701498466
1495.7569608595204
1429.4355879554714
1391.701834813661
1445.4495372735503
1371.1066980407095
1510.8288881451401
1417.0998809273633
1418.4343234126043
1367.4146053371694
1415.4730091595284
1475.6024218367256
1495.7240058680654
1479.8081499057864
1510.6394856000268
1379.3998468676366
1477.7739099184366
1411.5318262513927
1509.5480731999187
1516.661004750701
1551.222462943735
1537.3859745939124
1626.880552142375
1658.1293362162858
1253.5697377267802
1381.0122921339996
1409.9076383121235
1463.0157677459435
1511.2226635805935
1426.5149751034494
1347.057908451391
1421.2808556146508
1482.9216307160993
1632.2015272899253
1722.0432096786958
1599.894851099166
1475.8986840217397
1474.3389868145211
1428.389857311438
1635.957620029696
1347.3413028702541
1404.1647478010707
1426.7621242962468
1381.7910944972266
1497.0851230741694
1531.3993247797714
1567.3466262286065
1496.6399443346897
1520.2420724058559
1666.0504202781035
1576.8599367662837
1390.2473851774462
1592.2787467283429
1515.490660950748
1539.8319202120178
1563.906305541814
1415.7337352280256
1518.759899653359
1381.1031654430874
1424.5139997760289
1403.8125549337567
1399.4729833888134
1429.6180131682431
1673.1492988616383
1626.3648406534392
1394.5482860624795
1485.9956433176774
1519.6528972345043
1451.5964271904127
1602.733588665127
1568.8441255890314
1434.1970778738778
1425.4138524667924
1477.3722235385605
1505.2731687398725
1498.045489649383
1463.0356830372284
1513.4844974116656
1351.7814240445455
1382.1113614689207
1561.1345829593927
1409.497728446824
1440.000793379341
1603.18070969044
1354.8039907657583
1488.3641863355042
1465.9530016890142
1458.2115181551922
1576.1882716020075
1540.9651147955926
1696.4336412553698
1371.2153779221446
1481.68529065531
1448.4717342772044
1333.8653184719956
1441.0776594134497
1585.9191540807217
1396.6675897264734
1783.3140626253137
1380.380667432629
1385.529139498266
1440.8160957323648
1618.7796378302203
1555.4442559765364
1600.4677510918505
1345.3432008148327
1333.453375082081
1474.1545396827453
1334.3615921515502
1505.0677181315561
1456.9299187840122
1575.3121084642883
1471.2346108073775
1444.3071943488505
1385.8528881554196
1561.367461547685
1396.1153495139054
1479.6918208572908
1370.5875540730883
1560.1596477799455
1508.8005152744156
1321.217505729185
1359.7715492618224
1459.8729334823488
1585.929296853996
1542.3074247861275
1375.8551315572843
1383.5374996920734
1567.8245681514784
1552.2789295069758
1532.8258541703972
1382.089474712468
1277.1785541273462
1542.2844224251623
1454.8169412170641
1394.0742618135246
1366.83812995987
1559.9651543007278
1441.6236434254242
1310.2210287240162
1393.4585604154074
1453.2903803411714
1517.936996743514
1359.5792099074579
1519.7926963240357
1514.0593301319145
1422.1473614587417
1478.400487718101
1311.7371151994557
1384.9133431102027
1484.6275330449394
1573.384792029485
1478.355134426975
1341.664560375544
1609.2926329352351
1295.8194936882164
1545.6857960699572
1307.0788071802272
1580.9333691767745
1489.0759267457224
1564.47659633543
1501.350563340178
1313.5513848226474
1564.9148713247773
1411.048953889431
1528.6245298150186
1383.9444730303348
1395.8208379328994
1597.777928155616
1303.6788339623304
1517.3299123748805
1465.4833808801334
1516.8798970782955
1494.8223515879868
1656.6455093845989
1527.3463757096088
1367.8319233887864
1658.2618114468357
1402.929214971278
1490.612798636073
1622.921782440698
1419.1182591289653
1585.0628599176491
1566.1303167722522
1343.9832549084438
1629.550397709754
1569.2960059996078
1428.8210945808362
1308.4216998513893
1499.7364779590425
1353.0645665464801
1574.3900744796592
1737.9151982868514
1626.7001673224893
1505.874016556802
1468.3302901948207
1464.9939846351435
1597.9508003467442
1612.4236973194386
1403.0072370725313
1700.407141715593
1427.7825843200596
1488.6449645215866
1557.7471531461501
1594.022701918164
1635.8776349461923
1480.335661414406
1583.9705704171658
1493.3403296037695
1570.301857836742
1501.199504477486
1432.2961769905462
1312.0786884567847
1519.563161012335
1409.1871188348753
1713.5536215955688
1417.4121224972732
1419.012101967928
1497.4578562527952
1394.6403366181196
1529.0413823483048
1484.5648696644369
1438.8081939224166
1193.9662726672095
1550.6504788430036
1501.9187458274666
1453.3414533814996
1375.112598388098
1576.082721602779
1211.3151405148224
1619.6035694652815
1334.9330946083842
1640.8210177878532
1618.7970344674525
1604.5096472781654
1434.6811226004552
1635.7417076400695
1371.8409547011784
1369.1901816741808
1478.071445408005
1495.2037724039733
1530.450549637734
1465.67292105168
1399.1493111031773
1487.1722601257966
1360.2291107556032
1638.5889075904843
1391.2357435250162
1559.5607691544476
1462.3107752045642
1522.6815481013996
1475.144223798637
1337.72161742832
1339.6445901874627
1616.8317699556287
1515.5265215947327
1512.8089547191098
1436.3634220583938
1505.9283450699493
1527.8616112111251
1352.805476054916
1385.5232140763967
1534.9104245284752
1471.6893893894041
1430.6811130793992
1510.8591492457633
1454.5482528000261
1359.8551210134754
1414.1936140768678
1375.1886031436022
1541.549781265337
1543.082143940045
1579.9185417767246
1558.3757426499462
1606.7738012867262
1393.1002869740576
1313.3251258949408
1363.411597863449
1268.1481321771962
1583.2778622503108
1582.736107816453
1420.7259476640784
1604.3685459905832
1494.4851859519504
1529.6043211123829
1425.240659833512
1540.918911661793
1342.6175206377955
1451.0544992780353
1458.4660986898743
1511.2455990770231
1536.7325040068858
1531.165680114366
1759.7894191267055
1568.3470504676732
1481.1103890295556
1534.5542719553116
1386.5429182338044
1551.4122955184425
1452.3369990194703
1455.5276705898027
1552.2355991983893
1705.1320993897602
1515.9798724743007
1433.1892238423047
1404.1025343530996
1540.9266597146222
1487.3242603181307
1550.2683578938415
1451.7837575866947
1604.8078721625866
1356.497853702892
1432.408651758197
1531.1586663544954
1615.338348632777
1359.8842577311534
1536.1330117497548
1553.0441542700107
1527.3107091028567
1320.6176237077484
1612.4302640324684
1560.1429626491015
1533.5840317878863
1528.8881411913896
1485.3100080326788
1349.9707780567267
1554.0037422862204
1430.5162873161478
1324.5559895906777
1641.0171530854373
1531.1340499505732
1481.4306197396606
1473.4653015263868
1515.221493045937
1499.6272799595827
1416.9433732747118
1520.7700136272028
1608.7585521393269
1356.1398411410694
1528.9709283327954
1593.9851796339913
1315.3356127122336
1815.455046240558
1565.9824537833986
1604.1395133528742
1493.9888783238518
1543.9106780627014
1497.369810193675
1530.127891290639
1590.3948223443917
1397.5559611851916
1444.0901761545595
1558.9777751344893
1634.3589958552182
1574.4533804981727
1431.977189224952
1459.4120253393887
1421.9611883235373
1694.3073517718537
1431.636250128447
1431.0816088078504
1551.4499121012186
1439.4835394366653
1367.5370432332836
1509.3066416302465
1499.124106006295
1442.7016290057509
1438.4808223149946
1465.940593007592
1246.5756284420381
1442.076936010201
1725.808361501827
1634.958566998431
1292.8692676170804
1444.2105494483953
1306.313119634192
1435.1283641004147
1506.5982287733589
1524.352201641751
1313.5322963896529
1305.4415079677442
1562.380205812436
1442.16350502553
1377.9814447911679
1510.7572160524774
1471.821164393865
1502.9134802487788
1612.8436060610493
1494.0408558608772
1522.6140741863117
1463.727411173098
1324.8170916853405
1549.9490565343413
1328.2144991266573
1441.5265535516457
1551.931100263854
1517.733796346666
1437.0450709572176
1414.5356600056978
1449.2933806715298
1536.7055257880222
1454.6356922048776
1530.9377327105474
1836.7203833901594
1576.4295814839277
1477.9193952183934
1473.3489360610556
1578.759765442332
1531.6563170318716
1482.9057246351454
1585.7207652919228
1512.6919462763096
1593.7587723703984
1323.233109748731
1427.7705906515123
1509.7169720337265
1475.3086964069234
1328.5353969589305
1586.9627703397798
1681.2630124306068
1472.4050229587397
1566.6762521210521
1477.7360870056837
1389.3028858045454
1452.957575963614
1493.5027207039377
1315.7104976617425
1617.4998328937415
1417.1134853356032
1419.9077935551825
1475.6689701263442
1701.0163351215156
1423.3407648420368
1616.5410860708735
1584.6723658367134
1613.6128334874186
1409.9324859140243
1569.8217340900037
1717.151737362576
1587.9658501824279
1791.066851196625
1520.3629011431756
1476.2279094286343
1484.1504144226917
1584.0759396277533
1570.5266768297117
1468.6089534035968
1415.060402939431
1488.4560010356533
1427.0630464092214
1453.289247674756
1422.6991053004176
1350.649975845136
1345.1096562258062
1384.7525504518724
1620.2433599474593
1294.7326401211722
1492.0134568476865
1410.574205711557
1543.5418673291
1517.1745428960505
1572.3841627101294
1375.4133841772873
1602.8661039733715
1371.9496442003551
1533.4092987801546
1593.4915755216798
1455.559815998437
1521.1567312127768
1364.1499666530926
1509.4749821731425
1507.3001881467019
1506.4807117434573
1598.0108995601279
1413.8314992458616
1495.0319960725562
1558.8844168644976
1667.854600709849
1348.1632663163618
1374.2675036012229
1409.9888312146154
1542.6768471616333
1354.9661293028003
1401.7950223975424
1463.8989686691868
1554.1600347648907
1496.6347972977178
1463.9487866479528
1661.9832491903362
1456.6815082701098
1483.2757855984676
1353.6232267524058
1264.7343174645025
1500.983230945669
1544.6796235218255
1555.442129874022
1679.864404742946
1638.272875921484
1346.5581310065545
1491.9189413670258
1443.5557102107614
1530.4528355544246
1514.479530032278
1673.0184263495073
1543.7174245576516
1373.5608690497786
1501.8516465751186
1396.1839616667926
1261.344897205474
1500.3855039111613
1444.2886017430312
1579.813720199257
1329.9350780897419
1468.0218346769896
1524.2183969621892
1396.815636472951
1541.5534711661765
1372.0104221474332
1461.05380253294
1473.2681540274618
1615.1527805703377
1520.944317668742
1390.7226046759918
1425.1498337912592
1495.7189546609322
1431.510283242527
1511.4882291085642
1391.8419828343306
1543.0330546858754
1602.546890393545
1474.7561970991596
1319.1690473193648
1478.2245841520587
1419.1833426776184
1559.0241487346066
1555.1055798326704
1303.93628343122
1565.625190554974
1712.840668108558
1340.7367034925069
1573.7772047101137
1501.520447080053
1691.1470747212752
1523.539610054618
1403.5559640894041
1816.612933726372
1557.7355976610143
1453.0566939695912
1448.0706140771085
1426.493315502191
1336.7954428379223
1372.8051927703832
1533.4002554416281
1542.0507258539246
1541.1145146767228
1406.0097698484778
1567.4764007082547
1489.035912359302
1608.3670863035295
1576.847122170226
1565.1980136672064
1541.3338120612143
1478.837260261432
1509.8363107349012
1306.267482339326
1748.5689325248286
1683.8162682174734
1498.5220879777485
1296.973295352651
1377.9698830883294
1434.110708461027
1535.2415564888026
1673.5065442400685
1519.6925206901694
1439.588489042121
1449.488234353397
1553.5395068150883
1494.2115225860287
1498.2960893756192
1486.5159975753131
1354.1614808271097
1554.6612616109655
1508.794515737904
1482.8416060205302
1480.0969602720595
1580.9080284118431
1468.3340546432644
1415.1613126003328
1608.2013490943098
1406.0415756710572
1417.7533370975477
1691.0911897023125
1418.7271291199493
1598.1564119881025
1330.0159192447568
1349.4676800074214
1514.5179488527508
1414.8957242348224
1327.2993959109417
1399.4540548139967
1423.6227433813058
1587.686244428207
1607.2857632702232
1622.4481506771515
1396.242809769529
1579.731889871777
1477.4842247813237
1504.333740932606
1656.4956395052188
1604.7908577126102
1665.4041666551866
1329.515210563092
1488.7794916908747
1427.789688725414
1449.9259311818178
1435.2665172715251
1516.236815657349
1417.6749944516637
1525.2063873538434
1513.584940161725
1268.167399758935
1520.9115109770346
1407.8638181346514
1446.3397330150326
1505.5493680616917
1366.780432116387
1316.9278865712226
1325.2183947817807
1459.2116622187232
1395.4874839480378
1521.2701687636097
1346.9751776540363
1578.4903362458938
1392.5616773470883
1473.082608971457
1661.6591361547742
1637.16924699907
1593.264915308527
1365.9898710898333
1568.3550811439648
1338.7120647142963
1478.0377315309527
1459.7512431585785
1498.8171929563962
1713.4304038579642
1640.843161061677
1542.3059347661233
1416.6034312079069
1384.3117064875232
1393.4851771783447
1569.7137067919284
1392.7811089248237
1329.662889135431
1426.8522155814574
1450.6570211324677
1603.3631118573912
1578.0910308711932
1518.9821234312112
1474.5411281657462
1421.8319786631432
1599.0995353434905
1482.686215175209
1553.4185534208234
1532.2541190124182
1473.6893536384582
1210.138277701068
1619.9304196173698
1389.7915713895063
1548.5057643784473
1405.384622342643
1400.2615808976386
1592.6417954121862
1474.1209180669186
1488.572225984958
1605.4082004753795
1491.9837862098611
1509.0815527427635
1419.5406786034737
1685.503477708501
1454.2388304261656
1599.700042011726
1579.274033893958
1473.8613806102699
1458.4919046382965
1518.8770259221874
1441.6065090921659
1430.1308694737893
1524.2580581316017
1482.503461149623
1409.0379510447776
1571.3711197154907
1582.5105521907997
1549.3764333377046
1422.5262472746767
1499.2664859852196
1514.1730458110903
1464.070198831038
1336.5114747895461
1602.6234041466976
1457.3078719161683
1323.8477439236358
1452.5765650284764
1411.448578832969
1535.7003575507563
1627.3826727590108
1552.5094801761559
1457.3925354455387
1638.7879560488902
1535.3484623596469
1638.0167388277273
1579.8501559008132
1586.9031334714616
1589.9788042021962
1599.354252502686
1375.5803413717865
1573.4066367463836
1622.6439703132498
1612.1927427505486
1476.2422161044606
1486.5562630693003
1569.1664764404638
1637.5177408861741
1428.2699254555307
1499.4517018250915
1442.420770209302
1424.8090861713495
1458.981593532539
1570.246329295478
1570.9812768841311
1482.954580524771
1652.2059823846628
1358.7813041707961
1501.581864608484
1470.3243563092906
1518.6571150458087
1500.9995862137282
1412.7234711341878
1639.400587837386
1528.8198029585276
1334.156546308539
1301.986653311216
1608.922320561637
1525.4295800109546
1450.3862158688687
1434.7933606484407
1722.603390652012
1503.9725454805725
1504.1598768095025
1425.5606900856642
1540.35792684564
1598.751557064883
1465.2639284182828
1720.5484849296154
1710.9829700301848
1359.8802775372283
1424.6485650534603
1541.5383816382703
1535.1017630758047
1468.3106732108758
1504.3057842545543
1584.9439761672513
1503.7909723459832
1606.4360491970815
1516.1612914022194
1377.9440902809504
1413.6410083677479
1624.0681065318788
1530.0991910039002
1449.977627546066
1591.5312998409468
1533.7372408174292
1587.6632322887822
1553.4388270913512
1384.2912995736617
1478.6316327896145
1571.7250678016376
1331.094897465035
1478.1348748176572
1396.9591646783513
1533.5189548578767
1523.4027223319745
1654.2104093770338
1363.484144749188
1537.4112071927777
1500.1415432915735
1393.4061563949967
1532.8413120841003
1558.553477401087
1559.9764897190812
1585.0526225990802
1458.7946871019583
1311.8322198181309
1327.621543024467
1453.321851764267
1550.57499328555
1377.7565615726553
1561.3851767849892
1430.8373674783745
1517.4336998823414
1569.233254133166
1329.1857581286401
1660.01294412824
1472.1041252374494
1481.4241979063754
1399.0069995310137
1441.7712821424839
1565.2278579385427
1481.7836656868183
1258.356861008732
1510.0147937361833
1505.3573168360645
1292.5970596606048
1424.7679694423744
1632.489745013139
1613.616106840774
1559.9732095673903
1671.075741574645
1492.3461249407057
1386.3041996292054
1359.0341530611709
1576.683043153734
1462.5973242222221
1504.9666572420713
1470.0384126268248
1467.8606261757193
1522.959239586148
1670.275541155363
1494.211575671753
1494.7964173469963
1640.895069098534
1493.55474212146
1428.8611150559464
1395.95479077196
1456.96109285407
1524.1558988197264
1473.1330855608587
1584.9638248122071
1469.7978283810528
1436.7086264435404
1575.628806157637
1468.3110077324498
1508.9079103029221
1537.3534806355303
1458.0016505642916
1634.317412622116
1530.519706557041
1601.353137872453
1619.949124152816
1483.1861380982148
1530.525444037251
1423.2932669109973
1371.7493996454748
1400.5446165797282
1484.827119160706
1696.9973891463967
1429.0243118445799
1415.013383201936
1444.800572975991
1503.7797354744978
1570.473661739626
1489.2688574294903
1384.1910666077308
1618.845151335726
1407.0755792850016
1486.4537739749098
1626.250938449158
1466.8686450139774
1599.8939277897405
1486.4566115913144
1458.47166147465
1367.097598952274
1456.5163207685944
1524.7838647093981
1401.5510705749748
1469.103055720432
1588.2510606190488
1465.0842246676132
1352.5672565485042
1629.9826505877888
1446.0813074365883
1518.3215781258698
1509.5609925658923
1502.4160713049098
1541.1444762978392
1509.104778928737
1415.815599717107
1468.605913864677
1568.9712317501176
1446.924500423372
1434.1333266581726
1492.3309762600593
1479.1047160859923
1386.0584742747521
1427.6713638403978
1691.1715392568656
1645.3546318078002
1539.4241077776678
1417.406306406237
1408.8954359526049
1388.5753696812815
1196.1230775409085
1384.6367217196764
1532.4057316710469
1570.323636306534
1482.5603441159374
1481.5918115833565
1448.6962263836524
1694.0154600789792
1491.0300700505404
1440.0756380137325
1397.6430670382222
1429.0238110501891
1366.5189800434266
1559.0751531730905
1489.8438609711677
1365.2874530023905
1309.254430231431
1542.1533713753602
1635.6158745711296
1395.142780979045
1613.5411217933845
1473.5482601628755
1515.9653501524226
1489.1685482081969
1449.4483121995563
1790.7391407199984
1514.6227231808507
1572.229985931475
1475.6533525485254
1544.0259258510835
1503.4550413048485
1517.150662470873
1682.7452814625394
1426.0037349799804
1597.1305707597883
1255.7726781518104
1485.4852628296283
1458.3268847777615
1488.9554508518847
1461.2560164803292
1418.7046846309893
1521.4740655841342
1376.9064860629376
1458.711937497279
1561.291047632254
1257.5379607698683
1418.9881687553443
1491.0785819314244
1444.230380892779
1458.98650881045
1406.6744389121804
1543.1591101928936
1440.7867737356091
1489.5143498026862
1532.10408245834
1433.7133146490291
1502.1197530239824
1470.491039039904
1526.3913744358088
1420.3334019793353
1470.722629307167
1683.2825863793344
1506.82810759787
1328.152263218443
1443.621561759454
1224.5006608230683
1440.2666623428568
1269.804917518321
1551.483767675097
1568.2632354700459
1428.0709481456945
1562.1340370268133
1440.2838979346077
1566.8472415293013
1638.4025942274827
1520.7271124376418
1403.8158684385253
1491.6168570455422
1559.4940785355443
1536.4189930429193
1464.6976054686133
1583.8558736472994
1430.328389251516
1487.3951603238293
1544.6670725676445
1428.5853298370191
1544.647488844323
1558.866137623222
1545.471739081819
1582.6721653848945
1411.3738569223037
1504.9122768588998
1430.8984057466607
1376.3965901087847
1440.1298218502309
1400.1909140826551
1561.7285739637762
1603.644983016208
1429.9718711830471
1565.0892905316834
1518.1513982992215
1544.5334720611706
1524.4931371877403
1600.9449753559757
1382.897170801145
1210.5167657919392
1545.9201154897944
1468.2615286648308
1419.2980168461577
1331.0361449426568
1701.399021199278
1517.384595554797
1568.5714249078055
1432.5407605186701
1334.8453475829615
1335.7155776076231
1543.1272855239602
1572.5460425439544
1574.7988465121507
1616.1094288870252
1400.6253999240316
1568.4647636108034
1440.3532310637117
1428.054846575723
1581.7524369686591
1603.4169056276785
1465.4846858474339
1557.6626525848053
1625.8855343868183
1453.5190713522486
1431.0515351274857
1353.8616363840652
1591.5293259465745
1230.5217747339093
1539.401231071829
1600.2066978617643
1622.686098996854
1488.4343483612818
1384.388729837104
1563.6486656093878
1321.2519556776806
1346.9781164889455
1466.8401141518675
1589.627644202081
1521.7399141863696
1299.500220247991
1520.0196411178774
1601.2766563951973
1537.421367050753
1587.8250194698628
1471.694942393302
1442.580537805213
1423.1565071655662
1463.2037087629712
1588.143478129989
1422.8550321750365
1343.0248686085033
1427.0406723024653
1547.9736890406357
1603.394605555866
1444.1379802856775
1596.3861713981369
1470.8188930707283
1327.7596777465526
1448.9897201604829
1317.5268226870767
1488.471080400672
1428.116227504449
1334.8682173522386
1606.239319693594
1440.280595630257
1462.512089319539
1537.6616420075995
1414.4153506468292
1581.037733489202
1563.4642423560829
1739.5232915781821
1428.5132697769632
1518.3892021517474
1458.5823016246063
1539.9928491740777
1456.444034729533
1440.4881181653077
1454.7037733228326
1535.634837484816
1632.2137196447359
1445.694450480039
1410.5230752523696
1303.1704432400998
1462.625867593856
1370.2927080284567
1444.189493691536
1647.682016322191
1555.9901399895589
1370.0351691960786
1340.6810610144296
1615.1832630121603
1464.218410154981
1381.0246671906127
1447.3180168317633
1428.656610030826
1432.6355078595534
1399.8312452281818
1429.9729550737209
1520.4862937923142
1586.9186230898122
1460.1355189163723
1357.903335003061
1421.0412739561782
1629.053540094626
1517.9878459362274
1728.5887955309943
1371.2119495532074
1464.6524031853992
1268.3360665222967
1485.3220564497042
1635.4417844705104
1275.2875535721882
1401.547184038216
1388.4145343590812
1524.5014262118714
1337.4213356222353
1414.5638336495476
1551.1284293356537
1346.7565583867708
1412.1291481258265
1590.2070834515132
1413.6239708932042
1392.332841100367
1410.046245203916
1426.1082840323336
1394.9369502148197
1765.9769204384365
1519.5425325877356
1391.1652349689741
1436.7492942360511
1433.4388829191555
1496.3269110125402
1519.9782453131356
1470.3010593233041
1395.798256558441
1328.7503681686933
1729.245320480988
1363.3831650890206
1458.9418908728062
1537.831029720382
1436.056822783005
1712.2335971239406
1511.820816390665
1618.200975852706
1430.5487641537186
1351.418461888912
1398.9194230051426
1538.3170865008965
1416.523942441548
1630.2916813429272
1375.70026206892
1414.1950583060786
1433.5521408984496
1191.811953110839
1450.219967752264
1506.3691323972394
1504.315076057406
1620.9824350021713
1491.907006830373
1575.5279054378216
1417.4086903259667
1520.1382120077897
1515.8035448757453
1370.8858373473215
1496.0576819632404
1581.731993346088
1479.0271011804764
1457.3711659987898
1507.2764296336754
1415.6734971904277
1318.8521630240834
1617.2571757420844
1620.628091841611
1444.8224900830946
1526.6876213397254
1538.8374046233937
1386.0207857818402
1347.580854555399
1273.4198814694867
1623.4352232040396
1422.5284255664133
1571.9093403258303
1309.4580842175092
1558.8705482908913
1611.0068207536444
1436.2198253093782
1299.1337338862056
1302.3607263735285
1501.408663393635
1704.1362238979705
1463.9765143690927
1543.7192133533197
1693.3794651250998
1455.2903571027057
1643.912496776315
1545.725378392946
1361.6987358772262
1427.8548514781123
1494.6928789294004
1574.6158362640404
1704.9530936389033
1401.1988795760947
1519.0591743056227
1388.0546350101993
1529.649706929919
1463.4134929505074
1344.227301573048
1455.8358598733419
1435.8145617143136
1332.3857737463995
1489.2182106565951
1448.5295258807214
1429.312719927518
1459.5942460660035
1479.706150262733
1522.1262638343164
1662.1973446095656
1524.9598611856138
1570.3235920676375
1511.1659032611522
1676.4392121597223
1439.0717198752393
1259.8607440827511
1416.768168441029
1589.2651666799163
1643.3554768485726
1766.570420738056
1463.2619688239934
1467.577551086931
1547.0989658612832
1503.485146109287
1496.6892613752661
1549.136241274112
1490.4587500334285
1527.4134118132179
1559.1404492451504
1491.0706424846646
1422.6903005979925
1456.0325646252113
1458.604074215154
1461.8948132569585
1386.540233895878
1451.3371319659652
1471.6283658438413
1440.774028812246
1396.9514527116103
1413.4589238412275
1678.8477321432142
1576.186402512724
1615.705634338329
1330.619132571725
1589.688856077231
1400.0773305476748
1635.814942640223
1632.7929444225342
1307.2614928897824
1450.1338871073808
1388.9358708000866
1496.9306248760672
1323.8267655910167
1518.7014190852483
1489.1394613117286
1460.7163417719194
1604.4252217798119
1520.5470321069743
1702.7017405771655
1607.43310089825
1466.1808902419227
1267.128147450012
1352.3318565533127
1569.7005609066014
1618.1127447437998
1457.3977327929135
1585.6603105835936
1456.5352988102443
1480.0774714505833
1495.6223650265867
1442.6821186049488
1395.4301431218928
1467.3469754444675
1431.975715062727
1692.7830730984333
1442.398353955387
1604.523949588743
1442.64418184472
1308.6950763357313
1427.096460837612
1493.1436516306073
1305.9702350481093
1328.9736681786007
1591.3692601060102
1466.4761637579443
1327.6347996370218
1488.7564458533873
1474.35062802784
1556.7779292625698
1358.279711405027
1436.8144840610405
1491.45586545181
1487.5949987411957
1518.7511962016536
1274.0903291988286
1326.2561129070837
1654.6425514360135
1377.831915574285
1479.5470454134445
1619.8275420395812
1580.8184308100358
1593.2289840372378
1373.7249010140413
1499.0799340371711
1337.8923673246231
1399.4610605345943
1310.7629305042665
1384.4702243974782
1441.6995530256902
1490.074180533386
1411.4733613149133
1390.2489018910787
1564.4785979948758
1479.7246985629192
1701.185879338271
1374.0610365880232
1395.7336821273161
1325.9531216917908
1466.869882400288
1370.3463155624627
1455.3611306933883
1333.7295222921769
1452.9318934247462
1370.1105488001301
1528.596821135719
1565.535065610587
1544.2357711732104
1523.7884742472506
1454.3893854987757
1550.1504960098548
1490.9044969625154
1484.2883384414572
1288.138521287965
1365.5435600652588
1456.09573953901
1541.3331502318108
1619.1782182716345
1391.6235475327062
1640.355702687905
1347.0013674264555
1529.771913506277
1485.09152036287
1572.7629488616565
1624.7324273193892
1527.5308949232663
1469.6466921925748
1383.574189673613
1512.1326737234856
1390.1983380461982
1529.2819315719223
1464.9845899087838
1502.723413217864
1593.5238792652367
1690.1112871937817
1617.575532707835
1549.2897171768163
1390.0509203085335
1570.8125349941965
1562.2618250435196
1399.5526118815997
1135.1500120817914
1597.9129032154374
1339.3956906240546
1439.9552163582168
1396.735379891776
1691.1567720928915
1397.3019806407683
1420.2256350445355
1479.57206841847
1412.186863924706
1486.432103863886
1476.2472304179357
1438.1537291719897
1591.519572991898
1772.0383593769675
1518.4744650557716
1536.5902261314486
1487.6836863750298
1462.8016726885796
1579.8044901661299
1518.2527323148272
1298.1472579521703
1308.4376924833691
1660.0021457464898
1465.9778410209526
1456.9394247582054
1461.9908304003538
1454.2466632079427
1410.6516222605887
1483.2765565723982
1597.7919543641385
1655.9015227173775
1291.9005343945705
1629.6003792890394
1595.1661742782178
1459.4216518620276
1506.2677748704518
1275.241550536261
1350.3690356716559
1494.7809090008323
1675.1507321865004
1500.5336262847002
1469.352093045835
1507.6487868438269
1716.3346763805012
1519.87700054727
1643.4155131400735
1417.701712764548
1550.7982278421402
1498.0920131420705
1430.9904668712136
1372.9300317501388
1440.317367643136
1367.0631452679925
1460.4834634657552
1511.073431838648
1617.189898865712
1408.7919246029116
1423.2177062404937
1444.4106022477115
1356.9807416738793
1645.246377693393
1354.7526482736605
1564.2288017757926
1269.4263581407931
1336.251700693706
1417.0435847955905
1490.188088350746
1398.8747669210825
1559.7758756396197
1324.9327901437014
1556.9064921481379
1388.0037808410984
1397.7325956549205
1477.784270669441
1468.0163717791738
1367.0542794322453
1519.5260946022593
1584.663332573334
1525.649577552207
1443.2740188995265
1474.5918372240294
1457.125329767987
1469.8085606059888
1395.6545070446994
1320.8815467932482
1315.0081189144003
1477.8323319884346
1255.0783794496035
1545.8355313340585
1425.3098382431317
1513.5110259260894
1485.568466206645
1296.4154067003067
1516.6304129226546
1633.4813248568018
1477.6716310215425
1539.421110000402
1656.4177113750886
1540.9240712043616
1376.2285638136132
1442.5248238831682
1545.5401269819797
1449.250388786282
1573.3221629623993
1629.7739720061443
1547.4206140829579
1345.1305134927522
1401.5110719259487
1538.1822177128336
1440.1242944627052
1630.6541620407352
1437.4424078900797
1548.9220815385936
1451.4802417183478
1506.4879862157193
1421.2608145546737
1351.373230307211
1571.2931848186388
1380.2188476268286
1482.6094371408979
1527.565036898006
1368.3519733111705
1767.1232244217922
1494.4894394581415
1403.9121451703975
1354.0987672053448
1521.2939467161839
1533.1383453032513
1516.565173370516
1392.9168033090411
1482.5351057507185
1406.8370859952092
1342.6063471384732
1448.9063053542325
1468.570893909991
1488.487952735882
1556.0489084874714
1397.3958549714953
1553.0101578721226
1451.6485688980108
1576.7400357036727
1528.5439777093263
1389.484199013783
1468.845406277853
1467.7274648233831
1677.9218829242493
1478.0031900119168
1374.2672355808932
1425.6298918598518
1356.6662663980148
1479.6656966482153
1449.3240702683897
1381.3722914179339
1310.7951095055096
1699.0111745911422
1402.0822267678943
1620.6753818612501
1499.8665506388427
1461.4935309363204
1588.531175869001
1473.2270588996937
1400.2736638378592
1443.2191495618536
1389.4680199209188
1743.5576157162982
1258.8526147252226
1384.7200977458085
1606.5906294058304
1365.6357411369868
1445.0640326424727
1359.2622267288357
1602.1715909497163
1429.4312191609527
1628.16253986683
1352.3072458481554
1512.0476107188347
1540.6245310432787
1498.8420848491585
1453.4326690023972
1516.9475756289899
1345.653842904651
1525.427589830739
1637.9777305491702
1515.995328270242
1312.0177823007568
1438.6291777304577
1371.6099723654925
1649.3243699242416
1511.7718328837816
1529.4332052288823
1361.7974584005187
1301.7311723067978
1595.5352103911866
1573.8322108546915
1521.3186320654156
1497.7726350207734
1532.7978904363417
1373.7630846972684
1449.0732840057644
1658.6136118559873
1476.0406573716523
1538.3262805972688
1654.2098818889933
1522.3403318073456
1525.660688373953
1501.3276828071698
1330.6735446700322
1352.5710461810722
1474.8776819990615
1401.5730814907786
1452.3574924846914
1436.6133497536246
1277.5057790138226
1525.0166519996687
1355.8096618137884
1567.9511842873758
1418.5216931665434
1566.2857063257818
1365.348244495351
1546.790796751691
1422.4709579334633
1277.4914436028662
1587.3222219098582
1492.2164208682948
1526.7081046252888
1439.8177731416401
1516.6514705192271
1698.9779548969173
1575.5755980745014
1557.3679179057312
1491.7199382132144
1457.2848215194354
1361.9004612899573
1603.127265941001
1496.796797727869
1359.7444172699154
1442.811164375676
1378.161393080295
1539.2508396588541
1399.3290290943999
1463.9971700609503
1505.265324868928
1435.828378220434
1510.3861723876655
1493.0695611047918
1545.8923446637507
1422.875443441949
1236.6204251185222
1332.5069934191988
1439.999868093753
1584.3554033626103
1179.7513851080857
1463.7789081583073
1454.3859113224662
1641.1588615963335
1596.431426496287
1395.028531181259
1494.1921806368273
1728.5844539737373
1539.6787960676568
1542.0553527891482
1296.290409883088
1429.0155884540113
1402.5103123066965
1511.5464102448836
1482.2624845600205
1418.7467834384775
1473.1182753931064
1515.618726701906
1406.721535002152
1642.489877267272
1394.953199066635
1480.4088085327903
1522.829679326472
1361.7277076140374
1351.3059531338797
1492.1247583035413
1474.936094870268
1563.2642723619417
1459.7830450931863
1271.164303134354
1552.0595510168623
1450.8728792212146
1582.3987932732457
1608.531392817248
1632.331071665589
1672.1541563297358
1524.888346992615
1453.6425037699273
1569.7764630284528
1454.7748631593267
1532.4873163581178
1624.9734128320029
1659.0368400818238
1611.3113631694625
1543.5759440619847
1515.2535107760623
1291.7709096093295
1624.5469580037018
1568.469945891572
1513.5218145228032
1583.3425985008203
1528.546190503097
1522.9261558746598
1464.37718726254
1534.458700965846
1506.9723357811656
1542.9674731428497
1487.4299155854633
1469.071470509305
1499.7518642717623
1676.4274475649718
1232.5134095972098
1277.6248110478548
1493.2458551796012
1537.3045694549708
1489.965192675359
1429.103527701193
1281.2589634919495
1244.2634848155926
1550.378452367771
1490.7678507870612
1487.0250204158574
1336.062548078815
1400.5093180392696
1579.1673378790083
1560.8920993229906
1471.7587772521376
1453.4662159331713
1638.6706207672992
1576.6939552328786
1404.2979047596439
1462.7534630907044
1433.4156808350324
1406.8941048958134
1448.8229749957575
1509.498823993287
1322.896752248167
1542.6137256068603
1431.7416047271572
1579.959055460948
1610.9988458884472
1271.0420361295596
1586.0053006281016
1379.6706303844458
1390.8200993099633
1559.5038812624705
1400.596445568227
1373.9431655121582
1526.2076892551293
1552.262631843389
1561.6731945236136
1450.5293476777556
1743.881451099964
1527.0327116849714
1626.1832365869304
1492.8240966666262
1438.6602825769246
1666.8885674298367
1486.6694013474164
1514.452072017696
1436.405628000837
1482.943698602059
1446.5903182429988
1559.2332258707688
1459.3146347942413
1462.7374764975066
1451.3170121001463
1416.3433743403568
1546.2901025055266
1406.032707750076
1612.514740961422
1346.517008795205
1469.082697998929
1623.009579105916
1451.8781783630852
1537.861048974659
1513.3944421183778
1431.3604513802525
1544.5756827438674
1531.2491846561725
1568.2232665215126
1247.2369054703006
1433.9400537102779
1466.0873351348273
1423.6935258521999
1414.204833688919
1374.2474738760548
1491.6938989916594
1695.4019524687799
1685.0621531829097
1541.240392696736
1384.3458872058127
1306.8787294833153
1384.1198431266168
1393.988183469307
1635.5433640897247
1551.8977809483035
1344.0445868682784
1477.4093659582788
1474.7575868132387
1465.925772875887
1601.246859650316
1459.3395741799536
1624.9486623414555
1462.5826472500876
1570.8013370053618
1507.1917288570826
1405.1822579940997
1521.7125341846681
1268.4773473051682
1428.1040285526872
1494.1875309773022
1392.9221621420543
1622.6056198034155
1483.6481190486109
1422.4855725776836
1343.219040120036
1604.1532365632793
1342.6843152046793
1507.0846480216594
1398.2109689322315
1500.401064299381
1579.3061671137557
1363.1633374634805
1372.9387160333933
1594.116394358046
1530.859133622909
1395.7255077845994
1565.4174001470035
1321.9572478784712
1304.9166461076388
1471.0002660180153
1621.8842813867516
1389.4299766616512
1483.004473873448
1447.6432587293189
1575.8381603798114
1440.8791107548138
1374.8110489967116
1559.5145920498676
1495.7738246916058
1517.1188323338254
1386.1763098261342
1463.989125303886
1359.908514970047
1407.6365873564123
1591.3374982740786
1542.127344237699
1328.9962070019449
1667.682468740618
1525.6249305691158
1409.1678271054102
1376.3581395944686
1424.1227429886399
1342.6519455007979
1482.150836004847
1491.9282494583426
1344.3469530489763
1644.8113939282878
1662.198719289061
1481.2474103369382
1435.9467198610223
1390.2561141356944
1288.5656413774216
1406.1702064315814
1457.00327268089
1501.6102318811193
1462.638863924844
1482.50315311747
1704.2949233775255
1420.0949084705005
1588.8602233185063
1461.2347043285604
1607.8524131569536
1496.1671132965064
1400.3127799638733
1584.2792416224313
1247.3296286653053
1601.8563144043148
1326.8930780622704
1530.2273393312348
1546.028990950266
1259.4598511007862
1317.00923049864
1420.1177214106538
1615.5561929255407
1470.1684508869466
1424.5868610804857
1345.0112885554754
1558.125048228582
1404.9090598036826
1614.849747791392
1587.3951076631975
1714.1970663170248
1522.5660310776755
1365.4133940786412
1631.3279987087544
1595.8922637285207
1279.2390062891732
1367.3281240158817
1599.3755954381595
1381.6666406211443
1404.5707802353566
1542.7032930042626
1573.7691633651632
1598.9826668607634
1684.8410769190057
1451.8950581689624
1664.4329670217935
1591.2070656570456
1601.6106515587949
1439.0773196681191
1592.8796097884008
1453.6507124874272
1592.712837484193
1292.4237031413168
1476.8876567131854
1524.294879343539
1452.1327121952959
1316.129735786532
1566.0375559222587
1630.936389439542
1417.9692686129413
1523.648617970667
1469.5136967334163
1488.3029621023127
1380.4298134945893
1296.94121444583
1451.9088835371815
1521.028011840022
1289.668360381088
1450.37385196535
1304.3138069358185
1384.6788758668333
1319.0673207011914
1339.526024616049
1380.744707201393
1611.5825232725867
1479.8263777787806
1418.1938134038382
1491.3440744625073
1699.9678995126305
1506.4954279460426
1386.8424823050095
1382.506230738602
1480.5772885318056
1562.4155593024482
1502.2762441571658
1374.0125363315367
1294.0726219061364
1557.732250673454
1576.6773736662203
1527.552451267159
1385.1695325783535
1364.5289249230266
1513.5810492275684
1625.229128652163
1517.6999467007588
1585.082930673302
1591.8814633152735
1510.8177493196029
1388.5613006461892
1477.3515632415074
1606.3284970755738
1487.808605305701
1455.5632805395267
1694.4305087037421
1458.0831888458831
1435.4973394664703
1306.21463266489
1522.2376820115444
1454.8373869281745
1598.6713835468308
1464.0953896014637
1409.9994986477716
1411.606917733852
1605.8768629923293
