fX
45840015.90737616
28541701.152970634
13633269.965843873
35755330.840629674
4980417.485175666
27752243.967693765
43092721.28142539
47459538.73657336
42840453.295790784
13800279.565023081
42656635.22084874
16137855.60134783
4011387.45826241
36751171.77491704
12753554.202553118
16429515.664625354
33276957.864807762
15677643.234140761
26765904.62484641
13528305.028621517
32739617.234306842
11837960.612384418
15185147.467975274
33865463.52220161
36279262.284259304
5709167.668360757
37232060.63014929
4399088.208591173
17039921.873232927
19541544.33485374
59539739.42741993
14056204.2581193
11587604.42281334
32827942.267709684
20247034.532740597
3419587.6586446445
16093347.147937186
37017573.40788041
23336578.171562195
23091172.90587273
7617049.895826613
12166856.306832759
17959575.203153886
20786837.315288916
7486523.425723427
10880953.422749963
29772688.561784633
14740392.70707976
7923150.5379505595
6300850.65200732
14331666.146117788
15226888.388212066
60177982.074048325
39598821.20614254
36182626.91224698
16919633.514870964
16946928.647080243
18093539.978812702
29915254.429355968
28607723.655367747
18405807.59368675
37885795.920367785
4781498.015656687
9562488.165782785
29500663.843703452
13566790.177992653
53614385.9318466
16045658.79739547
13518302.151885442
46733312.78361608
3678275.8284257706
9379261.269013887
13334732.014755355
25779079.922343004
32694252.163821496
11235368.757347539
41620316.624690294
49650568.15726727
47050233.9314053
34047561.682052016
9343186.232642826
8361510.189818481
20005475.168495297
10124188.532878486
32127881.01354391
33469793.539275866
10972043.040236581
27645502.531211738
40999362.74565083
30589432.48213127
47077165.91624677
36670720.85860891
4062717.552003565
16224038.331504006
44496399.56679526
16069107.495830417
7043867.780933567
13776398.836358313
9369757.16680049
39061024.41917776
39901509.77548147
9343221.856181653
14625635.454483222
7288885.682677138
24196251.83677637
23101229.991112407
25297990.42642119
37413728.36237639
38478279.57440306
26763528.318793878
13974270.07319097
45159417.54948443
10122439.015938876
12014324.688410686
36716524.402814545
35540628.36838813
40272556.74542177
15721089.062995085
21011466.282020424
42841535.784615785
23728044.687641658
73106376.93253577
37416270.45665357
19414625.72596729
24436429.56477336
46360998.503334194
5578338.684047687
29432638.03028072
19826863.342149988
36120005.38128552
2446078.0379103306
17221567.04022986
16600677.565536598
11106403.457804922
34494550.54752702
32512133.582929824
56585651.44718489
10283292.398637932
5003895.910552643
39294977.49218592
21568672.163419124
32674839.784246437
9499391.312889498
13042266.69051767
24837457.6977551
7277230.4458239125
15181715.331261069
54618500.54226942
5882603.872845123
50858158.8145268
32915870.97415991
35027137.27025711
17434897.67050514
8094713.42008441
17155482.657795474
30605659.85467955
20334994.142021075
24457835.011644367
19764305.519379232
58764049.48153944
4249464.711984203
32479041.89302843
8323947.338193099
33588074.61423131
4616258.913775631
16430961.03490273
30988611.793571312
27677192.851557944
8214672.307419056
18976623.919066627
7178797.33719939
16219072.058344863
30283669.440662816
10055903.158173373
7716574.475958705
11860272.20224939
39075299.22258998
34684514.10368623
34469825.70394051
13047485.067777097
21200069.038643733
33609407.461924635
20857357.530056443
9213867.129068146
19355181.663095143
14759352.925313093
33212327.86486756
18704968.604846414
7184119.130903402
36610882.68286354
16849119.86503568
14953623.645020535
27689632.182693604
6581048.530433738
19242049.39513215
48944798.79514252
26557305.3736024
31821690.940409243
21193813.908608306
43589402.55212399
8580274.562182475
37506285.844372526
27741817.097153857
12585834.34697872
15332054.231781825
2116448.956953335
11911676.48126498
11136516.564760605
43552936.50276484
4940345.527243073
5981537.85225631
27259832.5248416
19362719.14688929
42110695.6252493
35497573.65620183
25004768.921803903
19352419.554528255
20990910.377372425
2711338.926993401
16830116.338757757
50329208.24340315
22770654.933023438
9188360.496116698
12586338.191332776
8443431.837322496
30192003.415786915
36657308.86063751
5517781.785542411
14238492.165063264
8623715.555320073
15294746.474176977
31037973.50528708
10966858.964391261
54211161.16844258
43379830.03574298
61227032.02681978
5812386.754785999
10902456.497734966
12202654.906070145
16028434.877647027
46807607.877287164
21434204.95204877
25299554.26845328
5138168.9087967435
2448734.579506563
32038562.025038514
25816732.79101638
18291547.63815593
49787160.3883572
18646141.876228515
7744183.272133789
27474215.924820278
8919534.533555772
29540290.45899687
12067845.774376612
1845061.782726325
19402882.23747762
32554449.268869195
44047129.237022206
41579247.546840176
24723122.628349487
35675776.70455613
35388125.93845439
22872613.279330242
21258603.51677912
37692191.20375164
12045185.223040782
37430255.05783738
29601051.52558198
48556166.43208253
17873094.434302103
20497793.582122475
10729786.48018577
25682585.001741458
6680520.684482825
29237733.964297447
14016457.782618713
17811227.1692494
18461650.975692995
21188040.28878441
40991410.33446059
26000354.406724785
10527114.425572231
30354116.808403715
41507599.321694024
12055254.682690134
34354898.088013485
28969600.08017131
19900229.321357034
23120462.091575395
13234952.603593288
14228950.0573965
32748231.487985376
17111654.785037678
13392426.872645326
16631698.703786936
27261697.479239862
16819032.86230063
16366296.20536932
2576080.867478869
8667817.02129532
43102258.347421214
15406908.816255596
27148639.470799312
36874361.95936055
16598296.379312368
40370217.607288614
4821565.925175526
5943489.186080649
30614548.258705333
45320174.31430922
28552143.173503812
28581151.659499016
31359534.31989916
54038482.32657383
5654132.3013370875
51518678.290132955
1657393.6162656476
40977593.989063494
17435693.30538444
28863860.625579137
41070962.30232932
18034424.995738573
25332078.816134747
20848706.01594731
23392196.080055375
20293694.17368869
34555280.80023902
8221916.088485032
30972683.475438286
24824228.856016066
8200188.694493107
21911228.756637443
48045954.70359269
7110850.197308123
8966385.98298597
20620421.646666963
28635973.771642268
35944052.918324396
6233862.495321214
11592030.52451459
40619554.18326853
19156955.28290504
15484086.890237046
41818444.23512156
29229980.7856437
19168474.499081504
44901994.324735545
38668416.52929169
25926162.162486035
45378443.50891864
31350913.2743433
8110154.805622498
4281850.331483949
37035872.75126554
5119882.424042248
59152465.73665443
21006176.651891682
24223151.32709374
52352784.185085095
39999449.79461548
1623428.3655215711
33003747.766770195
41301060.995724
8688721.389824124
30381008.61254763
10349197.587894741
22369106.04280899
14553476.880358614
18407564.965094727
47838640.446715385
43448500.7254964
38469991.55560077
44831082.75863336
9369172.436564028
21299450.63698199
16388502.784735218
38006871.295360595
52720097.47653733
56479174.60989779
29746977.127219006
7866474.594524714
43059978.831290826
34263018.74877478
16279403.897391364
9960509.153732402
8300266.300861854
34302868.15811212
34086072.259372346
43066980.22797422
36877469.14727771
11971357.448710643
4985041.405842852
23564739.314653575
20149639.15357139
22383772.791017856
24324524.50230124
29630255.856310084
22329968.189129487
7274886.873573465
17434971.771140676
20918297.951006386
34692070.54492825
37236196.11496847
23630575.266517047
20528241.220656864
51486000.75333267
22133568.235166036
17932624.57295809
16385085.830550937
21257010.962122798
37648398.65452573
5707435.461852462
15293067.366303775
38374056.6344537
12013945.503402116
15003049.271437448
32256096.649876725
29986569.300600056
38526308.68318145
22245832.326715823
26837651.885340054
19001275.11357113
17963182.570203196
46846970.43740697
22370276.349887308
12282877.35866683
28581162.85160895
23825904.817343473
10561061.94143745
37702509.85192853
8279094.7911135005
34687744.51364796
29382158.882567823
5977074.087608785
21388184.818830475
7809267.096829138
34374737.97773326
35475232.55104865
19104212.567403223
25315355.135653947
2967896.262342857
36474943.31959693
6273266.473332409
20013867.62924943
18362487.235619668
23878372.75690779
31420367.880331233
25742146.561687954
20813056.642278567
41905226.97425603
17490663.643624857
43191705.71450758
23014644.76379895
32707213.70488508
9974582.064688744
16948221.536359455
41101674.930370934
10177912.00146264
49222962.30149974
17588093.625515476
10639799.308435945
24948817.430585098
15819099.781629588
16203479.979523081
36783350.170357935
11516127.11840922
18491986.992661286
21709078.951941263
8240809.074358944
58023583.91847249
16368870.43590344
17916455.221585743
60327593.51867159
11330003.826122949
37580606.532276444
14455406.682338806
60371617.58375345
36692783.62231508
13824450.132765718
35507765.12683782
8611733.74014951
21234540.23709097
40455774.1220714
54118836.27950619
27245210.37353181
34763565.03895031
4588993.156870119
35869667.60583533
11705626.104288336
19467531.885867905
13531229.890290784
28658587.61258253
64792121.37411411
15248681.767744226
9671124.144245714
31958413.777647827
36038836.3159219
7249907.695212914
61721188.44510083
18946018.564245265
28170081.281940587
7163995.308571348
14151928.553858647
6222406.102883293
9857048.790001035
14466422.65194508
21035875.47497924
6025950.989260039
4583385.269361495
32297765.58237477
31492554.79815613
59198143.92271031
27415449.10016338
29851523.599077124
40506610.96766755
32829947.27096125
34401462.05085174
33888741.318376794
28956873.524826705
18399583.060727898
17921624.365974393
20551363.24276301
32898910.701781675
12312189.537261257
13022226.815266564
29487767.29148222
13652606.566780064
38494229.83342496
18366540.59300298
34752069.9082644
46666572.46503615
35045407.43247217
33832011.30745298
7333879.259686428
4327581.776421468
11597863.092763545
40204984.22722628
33460739.50505132
18572886.62035409
27392440.55354113
27644398.062373113
42708024.14000702
34587453.76557613
34643684.73193627
18492196.94606875
26035631.98098838
26846105.205529902
25383463.13245408
47018915.66538725
26290505.803005148
6923007.03859551
13860610.421425868
29425161.06601666
16856944.43813885
24403563.824370667
13005117.71263994
9906324.987027474
7604495.104947833
50153557.90893097
10676274.679041531
38764507.89897002
27837850.081486907
28108413.873795845
18808783.741957758
25926421.919168398
41034389.46765465
20368350.478725288
30893639.98661289
8778590.446717722
11049190.207717441
11447186.158998882
39770883.368857384
12411440.604747232
54109205.85437088
61030632.82291872
28836753.952301297
38210737.76806458
3451772.261071695
13797299.681083463
22913407.828666028
30453260.383157466
15417781.81541748
33016049.413884815
16240270.150386339
32410354.89318626
28939160.423551377
19650430.22198292
5938818.6737011485
54984761.98800724
41065250.63414754
44377994.53923808
9552922.94565024
23137841.849879984
23608461.89189587
10909145.647413904
38990395.033953905
2909655.2590026855
20512355.760775693
15512038.488138193
10210665.946711756
42014635.04883363
9970466.403931811
62331486.07259488
10919775.104163535
15645335.858337924
15030284.48630334
60032431.43631422
22882902.242277127
11461472.41350334
13141245.89857335
43677286.67660582
17590257.314764116
15489401.081479281
48664058.29942973
12958690.422163058
44503039.16954844
53193502.15005861
40759542.57427359
29150331.930034384
24905497.041429553
3687759.483579465
10713873.603314828
40293330.37132202
23621573.96705577
24876713.53600508
10568570.366924334
23835698.14582365
49523086.29692514
11993696.02487801
34792912.04059104
9234058.305633046
37992452.55036382
30051470.40145874
26259933.65900237
20722031.22083468
24991620.07025709
23542911.300331574
5250095.620372636
19197251.53874119
31679624.316286307
44287119.86768973
9158053.440408483
24206980.12605502
61272521.01259579
16922643.18249905
23168319.53015778
4394130.52986607
13394793.730991438
32980363.201948293
15580988.829276139
3096937.7519511315
25989236.75826068
10882162.062279278
16019280.38806387
36295984.50356163
30847244.119902898
9347703.074829577
29434677.74115465
6632581.349416099
6406007.181112391
21277698.37033994
19910298.215261728
30514390.317309067
26761983.056568477
33165196.066263624
9779625.315761436
12266639.216251317
9797681.390979739
9508943.656117957
35585993.56182857
5092345.30790839
19695241.11177677
12123156.219845384
21797604.165349185
2560922.8026846913
19419274.67838294
37251555.67137769
8395326.476153163
44528038.771465205
7377657.155642913
3234650.8363037286
23310549.10388754
3350282.40459875
8378950.125644157
40400151.9758252
11177082.64247969
4646095.480376319
11781125.595192079
17452143.915978074
11762053.097915769
39039769.867349684
30717366.645583935
11649453.661677606
31055575.613894064
6403070.669800214
10105358.58413763
23340800.11420932
25159861.616080996
25892122.73695882
26710995.06240874
65171424.17325047
12542312.744019015
5530567.713669927
35459723.02283126
38908981.827215575
50016615.93232302
19584882.15834811
43689373.62881982
12544823.385440676
22733426.638691388
42472326.26395489
7975351.90694254
7668334.5566339465
17846254.348389644
42748348.849571906
16257218.057938507
50671805.21712397
37419941.464806415
4933047.451082126
22376491.46594748
27013263.821084123
44672270.11981356
18267760.66350312
39071313.06105767
6351601.673991099
33205418.514986
16502444.359298576
57223944.63386549
24500646.118369207
6617166.912294823
43882060.27125784
19348538.715830836
26481526.22037704
22738777.17929494
16047098.05452312
32623269.015293214
23673124.030314673
29822096.017700348
8559822.46987103
18962897.64031898
18911791.735655617
4236189.350977633
26572395.43786262
13335266.09410968
37510321.29525551
8927869.222053891
32711341.814335857
19376976.900073934
46927931.279797025
42230925.04556059
14818408.8668233
33805709.93699737
14158383.306822462
10664370.197666053
32559870.15254789
13389708.413339678
30479131.27879454
14867944.151737671
6681648.502999313
35208444.065521106
4417102.96931726
13528665.876231506
31075022.449076634
12841736.378704263
25764357.36903735
16914288.33550271
32880344.78481282
52021309.42624055
21017068.102757286
31175360.689584468
36381380.541073926
18045811.34149017
36735432.30275956
12682089.37528209
17030799.32569136
29646217.069485217
33846861.72554473
29909668.981964957
10174201.816494796
15302365.14498147
29368122.741018895
13162646.534774993
21342714.196453925
39606731.63086631
62714670.78213209
30504220.896176577
34915302.996096194
9290350.054561349
36671489.76712696
22024449.29046706
35675161.475835085
31992829.963377424
12130073.410319598
14488429.79189784
9776091.916738858
4787100.303718395
31241050.5292897
19838777.710689604
26342409.822546873
1949398.8770288925
36361660.44474858
30555734.34352556
32809633.49199283
29028375.55669729
35653828.35515282
24944917.316706732
46753330.207440875
8394059.81121194
52079955.07458882
8629455.057439378
39164313.69072778
15452812.756001197
43083430.73644516
27671954.93129872
35451571.203644074
19998502.792944543
35432216.805197135
20384510.301831096
20939149.539922934
23244288.764043696
7783120.08278703
17384158.79638515
6163370.968106219
14979026.908996554
10857535.71627717
34091003.877012566
38891420.943047695
8695312.576121844
8327246.047413214
11801270.542878266
18367768.51185629
55899544.326629125
8014026.84544612
13182225.694876403
6265183.435429203
47569016.01655669
27193028.994568683
5991843.2276517
12661351.111328078
3519432.7668010457
15347580.256758815
4817035.151294389
40157061.76317266
16116508.381790409
15477920.94159199
20817263.382027607
15820215.777284246
46627283.345330015
17834907.056736775
13702181.08517738
21228132.221416418
4910580.326908361
17693614.96956782
32897546.60617797
38056106.55804632
13983587.1858039
20772886.224848077
8578410.738731913
3858474.56911539
27402181.046868697
21794883.634949625
30192972.329417784
21278238.205108482
11055874.449966097
30412846.588869337
22112403.800289012
14811668.232948523
3781376.5131779113
11618508.065720858
36527348.77256
4276031.043439379
10303353.542772286
26239172.05776836
34058179.53968122
11189222.94897611
44102982.35953885
56549970.11149597
7239239.634644279
11126368.795736555
21734848.54568546
6489195.260552583
4282167.475307564
27157755.31950819
39038739.873301044
7549721.36966552
6541550.097630874
25413072.24316627
17205915.270702202
27405127.021357972
7566083.008741994
25407756.09004044
5803041.696067981
5657206.009904743
15371705.643629812
1793747.0660054218
31154145.688380983
12197579.483870767
47272361.707081735
30121093.988311216
35401649.55760357
8315226.182267215
8392070.143212449
16640020.926710606
6791202.427486701
46218086.14893857
7316111.760084074
40677056.89010218
25841672.43028498
15785438.0442597
32749640.207186133
45438297.05015945
46691482.11802932
22824524.35769398
40678774.01341757
34238801.71981478
3267222.5482547195
18117362.779374573
20071788.874662764
11853868.808866331
38918542.251883775
27131875.70178044
17192535.411309704
5018433.372052594
32866958.745767992
62310756.438874185
67904567.84982376
24606047.977805138
17881264.674833864
5996233.185803736
12370990.151593523
9173032.920723213
24860534.150469173
18424755.03274906
20615054.5731325
18947139.650484707
17227440.575367384
10483741.72833427
15340706.096170582
23548865.95456228
6173407.376171501
47811984.639493085
18925559.335908465
6770992.764794028
26766693.548238862
35119490.26506516
23233125.146083254
15893886.660714712
16774475.766422056
16275469.87764414
40264010.852792256
43738098.04386279
24320664.637275446
2371523.1527250074
13683926.27653553
59495326.69892852
34961294.601915635
14955413.829830777
43479737.15600133
37436578.34510996
5852716.595395554
41167744.361981854
53396891.21305327
14128705.568770166
39471447.57543296
35950847.635527894
30601206.657531578
51812193.54890908
36829459.974353686
21267579.326320644
8761055.726490233
5753882.1134005375
31854429.69462309
32166880.895977683
33226807.110917386
4355779.796152029
17588877.797982365
25154916.407820445
11054640.649080386
27122939.578024507
31765341.882996462
6367127.502238761
29669174.882236935
20920532.038971182
33588719.672293544
19350594.666849285
6003277.93901154
18205125.160299815
30920989.440552935
19414119.22224542
36445820.93196635
43502427.99376532
33138510.13973845
5374222.350926135
6775177.470811264
21394836.850445867
35339002.90773461
25351075.71860643
53548556.602402866
35308870.08998348
14863540.464581296
26589940.423697967
23416249.164888192
11674183.267080158
31532633.24351585
15506156.462713923
7779630.166952202
32062303.059050117
11968967.185760012
7788794.802300614
32119508.48977257
32274838.6201356
8539812.254247349
11970781.133181665
5441250.301183405
20201993.598224692
17981824.924897682
14204519.530755173
29388388.67432586
9815632.300771795
31375913.809816036
21555430.534972016
5765386.447865955
28494362.80530698
19931607.941338155
21228216.06999989
2333226.0379051897
7570743.623994333
62131194.78085062
27917589.77378798
15341900.52418452
44952154.38525972
29118322.805196468
19622524.893663432
32587094.73552446
15441588.461984707
22697086.692658093
58971268.04920766
23692152.084535345
45939436.43820191
19641116.582925297
26446567.550329827
26499381.387659404
22568099.777696423
14348915.135915965
14231583.598303888
10997594.396072693
31680694.625348885
2552682.5868490534
13559603.96334809
24205570.80504235
27156405.591954883
37866867.56061189
33761892.59825967
40579309.660985194
3738636.788890398
31959678.6946634
38397914.614871316
18092826.020236503
44138526.319984466
16194625.446681429
42574582.23198051
25662193.91340832
25389370.04289966
34298352.71905324
25941345.871460974
52654034.44556397
6070364.409347445
5593975.893092723
18146824.644861817
18503798.517641317
46871930.86788094
16834974.81693683
27698322.539436407
29788166.367193066
9154171.842661798
22650481.402334042
46766865.974235274
49020838.135894164
41442908.54209905
4344846.240905822
8371666.22826244
4926598.258603053
44223828.614133105
19028993.154910613
32413143.662053097
19915564.170559157
33303600.0700906
18335210.345848147
22106038.27203385
35838642.992618926
20897348.968898118
31393365.861766372
9690028.139182959
27096456.96906819
28131510.907588955
15001172.060095824
37799284.81115699
37693106.864158675
45088124.44833182
33490363.016928185
27846900.827005826
16334890.276825918
17834808.48870993
14726325.647830892
16969649.44200909
67599057.61835267
11554464.067615239
10972743.731290098
32213691.377898477
23485984.06263716
15454040.352624096
14977111.581071297
22551063.23554673
12424930.34798172
7132908.326984904
15516548.224314937
4675307.115823828
9518125.997748386
55077339.490533546
13767960.048287101
32660604.00116529
18028686.356629513
10240601.506436193
35365313.71790576
8429464.268879017
23064742.020477444
13427210.866398688
52660593.21803643
18936855.136390768
38609554.90647672
15892906.654033873
9341573.98851896
31427973.26105163
35431361.98746255
29668541.16159559
18566306.80347267
18501573.56500492
36238071.11796495
5317279.252139588
20546144.267813515
11980348.146811211
55522763.65493412
30331068.826803435
11043661.941612922
15366261.730387608
21239969.390292063
38812123.67573992
2635864.527193024
17610598.078928854
17202065.31576689
9762903.283899229
24658642.574472383
38943400.90486262
12562544.81751636
10635759.988564126
41259787.661578536
37233687.09039068
4986311.619138081
10545464.898740523
15139880.215031754
16556115.340570992
18130711.41845055
21087919.97096835
21448762.03667244
50715932.22520278
14033848.66046948
23853744.471279446
48349067.1485488
14011028.644167911
6935246.761929079
17874526.945092708
12522848.426849265
11588178.353614535
31027785.82183512
24425678.860005092
26552360.967818778
23418437.09261532
30770014.869010665
2636013.474931412
20321738.915522758
4247503.466714348
34952243.39330036
40293260.1945121
15521020.025434485
44255019.64968544
16832158.76889776
11199578.483126378
29823889.657153856
16208521.653227856
11384952.866842985
26856046.99415859
54339415.26277043
43183121.78337268
28195352.490733605
34730960.569736205
51072132.506834924
14872028.30101438
18475373.755431294
56108154.117888376
3762073.2670013187
27695654.14704988
18396110.924482133
8299369.871185094
14598808.9472147
8445566.406946216
14170905.194506994
4049422.907940328
31164598.3282868
27092605.36955316
7376531.098535118
31768511.4289523
17708838.596594132
4523298.388512533
38678451.44628971
11629032.337993309
23146666.77525128
8827844.093166135
21321153.94205478
41877467.64035566
31252567.80661481
59483030.3492471
11323681.222585667
38176732.52892437
28142610.2597108
22931463.336144198
9242694.101388011
29247950.804966215
18701254.767849717
4910464.576846274
3258546.3991426416
9721091.381337576
22831900.196532153
24879524.209690046
32239285.588051893
26923476.08856898
4826290.014743046
22848264.611677483
28583700.3916425
13340745.756373474
4393964.006709819
49570840.63002357
10147467.006741118
40020108.4280902
47614643.72114465
46322433.45875561
28654105.522180397
11283336.219724586
31252937.594984096
37725726.956681065
9696674.336913591
40722328.460068315
9786567.823369693
5002602.116644216
34841297.3795617
10418157.315137211
20937982.089474
22172419.843520388
13312763.563562116
46625383.253438324
20447034.92887464
23568773.98327036
9928817.880020691
5007941.582961088
42904667.0798984
36459460.380849615
9369733.331734959
11402813.520073898
3327738.461019237
43997092.06366992
49972872.42486969
16656986.484596247
10624859.197712075
34280997.6774222
21946414.863477807
44494894.408196986
6396883.987220658
43772561.10296069
25420300.949663203
34027708.86846348
42795666.94097578
43772526.88924019
17637574.92195512
26310521.348002438
3505336.4086650982
15319844.666260134
5638761.533187793
46427029.07793621
14625573.701107986
38046884.46796898
41705414.62067228
30364261.39483681
24232708.03386318
22239246.275255326
42075026.78187911
13127520.818881325
8215471.3393470915
18569881.24788887
32279915.962609094
36168514.76639326
6885100.724210787
43397471.41321611
14927311.09866839
4529489.862694514
24119154.695906237
17050803.7403386
25005081.7697465
38185967.70397885
11883155.242997885
9731459.287870977
3659249.8338720603
11382599.489977434
13971722.200507686
848610.9655033615
42370077.78315341
47279628.39204291
48322824.65322402
11006906.450986234
24916564.6028932
25020664.595732685
28615387.510362837
31067388.17784995
23686698.251531925
46234295.20572922
2716406.3931920617
21662394.037619952
29264474.35953148
7636242.895259628
29623422.861849505
31729881.001714293
3580417.5744153652
18203162.435611267
29895413.708967187
15088455.39194579
20842998.1172147
34748574.78618781
25953878.069464978
19974125.38775642
10509370.051964523
39160307.23321938
34288717.14368839
10890003.096012156
25287228.111070268
33764968.59796431
16272204.001961155
8375353.269593283
5541714.859164193
13283299.332038926
9595463.88443713
16166008.75875376
46116559.7699271
27985304.55221728
24454991.02031107
9591987.126565404
23104207.175502263
2817351.001695793
14608672.571627568
21003663.694247376
39165375.19069878
31115199.834792063
25389701.438212257
35364558.94037424
9752587.729694594
16915911.33789325
11818947.950377613
24692346.77275711
20014093.391773663
38314071.13133733
23131199.205235288
42527685.810111426
28885787.782485265
9933299.566529918
40458929.152253985
17976112.30358455
16809714.050953534
29640992.462061796
19844602.039458003
21376305.150289867
19151861.5831104
17214550.997495368
14480617.132917367
39572080.34084011
22336468.347142655
23616642.181765247
12560999.647275679
17955466.913050722
7883555.691410069
30465357.294671666
27284530.78976347
15726044.240287477
64254225.64584455
25069963.036238115
25945786.756933972
31236629.298504468
14168210.618173994
25626222.448220607
16132724.633115102
43637667.94321939
13124999.898888417
19839078.441457238
33649540.63516888
13307451.180961002
8373543.636601494
7527239.652884885
7534860.954817323
21987006.113688786
21111535.998686414
42197980.61024967
7398185.321411747
15987023.440778479
38587654.99806091
41698229.84469475
4393614.4090352375
37169742.57725294
30194301.279630978
41883165.25531297
37458795.75488615
24805591.18318552
31289032.766321573
12289795.614324413
7524293.035619969
22639336.63556986
41049684.31766802
25463257.553986214
30260745.040826667
26360723.858048245
17197763.8640709
39825000.94849098
38621893.99365461
19374669.880630266
19117962.87141482
46516788.608955234
13418250.407191072
38356103.17258107
17484025.13258192
36856445.18119085
19877623.336571023
54500692.78643835
54964895.42902093
33903754.97125311
43374610.548682354
12337946.179129474
10912074.699150873
19103377.30863442
17883177.317971397
23324483.735328153
57594233.15949314
14429777.23203076
10229931.99025329
9189669.797017824
30073423.818056528
48705400.51859696
61639316.49260972
9136378.532313611
5901099.962965362
24055036.011981018
18079362.851095263
55394443.55780073
7381384.829684363
32402628.182631027
6881205.141014206
16149428.98698511
43528417.25328638
8659188.383139314
31788084.351536628
7423766.782596652
16767360.489345629
36866623.75351576
15053000.846876346
31995585.402116276
26094032.347245827
21805064.979219936
44121691.40643689
40169212.64807619
32461760.214800194
13541985.274799762
8795656.415360665
44066636.841198
9781920.063873582
20131336.01538341
18477570.13666154
8725950.904461209
36253912.6928691
31637593.125634402
10148970.458806649
11627003.674793247
18567412.221261553
19978178.228021793
29035627.948996756
7537748.8659386635
16537888.542727888
35859624.852973506
22353921.416068036
34721501.334745325
43568253.315999106
24227556.018611632
7808725.537147142
35227837.44550219
5773126.912670762
34775597.10662583
36521001.022238165
21327203.884243894
35298667.29422426
16336364.12230612
30556978.67906302
3909190.323692444
6084678.078173442
29937764.61652914
35372722.65528014
29109659.02658255
14976067.81885943
38378654.07903426
12931038.445723325
20578275.49671317
7678536.464983461
9083062.037389586
5441562.608848122
4050342.9563555922
34591676.77772335
20597690.031889543
24199264.498613317
7723063.6170328865
17381997.492691338
10473757.81985259
8123788.735656169
41980683.13659687
5095311.053841318
26683660.7492597
54566204.9197758
13170611.593048384
22765203.859778456
13491431.802170934
54584199.499982074
38395231.07695233
16423604.737612352
20858021.597027052
43732974.15252596
34151385.219831556
26921617.383818742
26554489.984271135
18001452.71018075
23300361.120257895
19453637.236174908
28034741.0419612
13896712.004148291
21828199.250953812
30045343.435851708
58440217.12301253
13584978.286446761
3497433.222156978
13169050.589796197
47111273.88022998
4179912.1117712082
13930648.322550058
26588652.09603985
32050214.231725883
9703643.969805144
24910127.26563393
17048023.298172068
36079375.28256806
33113617.036109325
23219077.72967575
24394769.283646118
24790469.019361895
22821457.198972434
6027808.421095369
11802322.982449152
62032309.88992566
60631724.60944179
15544727.352413379
16458170.049415816
13591149.045122758
52819151.06213285
20971256.362084534
10488145.252864514
40130419.118736476
8286018.478262241
26524084.008828185
61409448.12767981
5600813.8586034775
18669575.929129962
2390541.6756186285
17204315.377352104
30905556.787043337
15883340.0862276
22900942.077072803
12688062.916054895
28988189.716581292
34844080.04632831
23632303.759774793
38475391.621129155
31583866.453020576
25911089.91529883
31348363.713958833
13100782.322918834
7679189.809499138
31780380.281395882
45847718.854975715
55272762.335807756
30743223.118419066
27427642.923329327
61501658.75442587
24834117.063531972
20326619.879333906
3789403.381964239
9611992.071232017
16981395.563374963
9690339.91473404
31668152.970258925
25442449.815074258
25019837.067656975
13642258.21779402
30083297.24095289
10983316.135420254
25127952.275576912
22392765.933418244
10209223.12709358
30052512.139545616
14781834.701056087
33691136.79434816
14162990.708051912
17335168.245316822
46543641.09970079
64749578.95773584
35429557.57541067
30210854.550441295
9319901.275330111
29060918.124280546
60098824.08240005
44375099.35858869
7072204.787644241
6305287.902984286
2476681.215984554
12358493.3238609
22663793.802715797
39037841.605532974
28643492.97634327
27482603.590877447
48358487.66015459
34020657.717952155
6012952.712903898
19118361.358041625
12474305.818221936
36193200.64447501
26159200.926274482
15916438.40710384
5694933.916832366
13435583.987557473
4180221.896147936
34284726.158035785
8124018.691477208
13933456.404631719
11296175.433352493
21049616.268813264
27475526.660848536
20906862.236531187
43496633.70766177
45964940.61718415
19327145.86998487
23598654.219364513
27209183.593907446
23020492.842868607
17253668.033924084
13899444.956882887
11196063.43496415
13627212.763606383
16601561.27823127
29316280.50862461
24472785.236125093
19194987.490983997
36667462.949663535
22762863.52168803
11612063.483170345
4520289.574283979
32686196.757827144
13205885.818167273
51644489.733385
8830316.424324827
13485493.117308263
34895833.02077365
16654737.838908544
10901237.598608084
11073237.98795281
43889023.657624885
31573593.650372636
2240300.038813372
1820645.7776553568
22044598.687485952
49349346.47417564
6237898.604694711
31898264.764117558
10790280.79126309
5912883.781402231
12397393.024494346
64459490.17296118
20171633.88490196
40830952.202344164
30272423.026622195
13999067.818862887
18771530.354160804
16606831.519059092
23233135.04737566
17299102.358001504
27528656.611980885
69399082.43686348
18811668.815400783
23436130.62987378
12853122.337083418
10927063.692172332
23568989.246531855
29696698.03454092
19147322.897929844
32184278.34097737
37671878.89686526
31514262.47598042
49691721.76248025
32553296.823862527
36706383.59977847
52427537.688471615
44513181.31392728
48926251.745345995
4390284.425983562
5031378.551082393
20085757.390736327
23163640.97408849
33177845.711280715
19535419.444758426
24438785.518231317
33407030.992298648
33141259.64765991
45656617.74106742
6176771.401671933
16184723.613248639
34223878.34484193
34917387.29128512
68735821.96634454
26930528.995426636
13673929.56664104
34347264.93186863
20322763.869663265
32145108.28825074
35946639.535481416
38170352.755453534
31684596.892928727
17331753.42230696
9926979.70154627
26901414.384908754
12195142.727427742
20055264.583915304
2422289.535575153
17599308.937359747
5626732.113498046
6139161.904041616
13286449.564658634
12460652.690254517
1811612.787280544
26424111.894092027
4173513.7170772566
6249712.644181698
29176021.649122473
61128996.31786022
4530372.263124241
6008255.447321193
16472644.228822239
47150711.054935865
17235169.598783907
42298882.72789119
53462289.487389445
22905837.805055328
24882061.83953502
15628245.870496053
28463537.637627654
26903082.5669516
19301428.59388588
21933212.557039972
11464851.722803636
28337581.548159454
43075214.86842569
44731508.758082375
3511107.3073670017
38532113.597431414
25659845.792786468
7788759.2648467645
37045022.429184906
17308176.05080873
37910183.28777916
25754988.540708605
44334368.017657995
20302971.30011184
36630440.96333617
8934719.21170732
14449744.396584727
17502397.24815239
30850702.69330118
37461896.69880759
16992039.15642284
51919860.93237977
16143563.014354892
41667942.67254543
39176706.513930485
14830985.047271432
10981048.952604713
9688873.577418707
43083291.621301904
38501338.49126324
11586892.858962256
22069827.90050151
22034537.542361554
35840484.3552831
31358252.626883917
29884584.79818599
59069804.64968443
38119147.376046434
13755409.94055318
11454603.343139924
57306574.75625192
13149551.60766974
10838908.032048682
38836115.57275814
33149100.01408172
52809600.22348967
21403618.52444229
6921545.392287684
50584485.86903574
27330553.776959416
23094121.1750654
59144416.92068644
41265451.111039795
32521630.157127853
28682966.83261251
26641349.660775814
5568094.399349272
6926318.667471391
6428196.029639819
34998885.87323085
2583777.5807542796
28185637.589497145
13303472.04584724
11911391.567949388
7402547.548707985
35167450.70031113
35704559.909167714
26536114.727753304
39102799.35348414
32968031.56116501
2410797.6215656
29023231.556495637
37680540.39537549
34055256.76866433
12304662.394943917
4044013.884992359
13329303.346038831
34120120.99926442
8467439.810475187
24446759.923763208
38870353.23671862
17614673.73785244
9395061.587031554
17019753.807998322
10592690.34257109
18589621.66193391
25148104.303586643
25215645.465773776
4803656.718847701
26646530.976581465
17770114.768371742
12187200.052803058
38436203.2755824
48258029.45694664
22067239.95755655
5060951.864687427
6607959.455339205
25727850.711468752
35185097.07739939
26019846.71260106
22461692.212253246
17054376.972632375
11193251.93553777
33772666.52663962
30241650.360375714
15938216.64930186
9435444.490569647
7883343.837388829
36434482.5481963
31155220.46568575
20746073.198509272
20525903.17032777
12552619.32471467
10619075.471513847
37012830.87147477
15063501.115644023
14749919.725643829
31902836.934231814
46063652.28150383
9747790.275393665
54382143.96520957
20916736.788752366
35081576.72357378
33148603.127637755
6675887.961492973
47371750.34740639
18652731.189676397
12135611.427766448
33661762.36272115
26989937.287382595
44995561.82790031
23830313.205557354
28074843.635721263
15974953.188062614
37781970.49982044
30068556.371762823
10657098.838491721
21934480.236086957
8272212.346340116
11321279.69872334
12536593.09719966
31842358.58370288
11218299.526941875
43251471.626886375
8681771.723321076
9243296.180563338
19902865.732116174
21144497.59782354
3302868.559365503
25231102.849606033
26914924.11072461
7781034.011039164
35866649.44178282
42826633.69008781
8250150.035434724
25454256.801547423
20252011.947038755
28113224.949343253
26495934.811711483
11602671.870627156
17225007.823254023
9510726.249234814
7590096.98098868
4769818.377794993
14285698.052313056
41239296.10939263
3117360.6865901207
24337044.70072936
9868056.984746866
47886009.29276053
9469532.324169949
13888589.841371667
60087001.41108832
14779898.072075304
36407023.91280373
28233398.272054452
14055886.832790155
35519718.46003025
30900435.589428917
5303206.132233633
56607156.13669529
23277690.232617635
58873596.67209852
35907062.84782254
36979748.49391778
12317651.963452756
12516857.37497963
14933273.166188668
33258410.836590108
14321951.587647453
20089221.668378722
18262140.91512877
20212093.56125625
12108388.449569097
11830449.530372633
16931196.352776628
30673652.892957173
38355842.20101665
48416666.48383348
34911764.71746388
29830205.7594073
14523272.890194748
16407666.889948832
21192733.451072678
16246954.44288243
26086307.71635356
34399989.97331728
21087008.107657135
18472364.84329413
24942224.5611515
35711434.38121434
18196695.185309246
40442719.35606959
1931198.4541371674
4633658.231873296
9907534.216477819
8596077.868739037
42548301.235271364
33962463.910001814
37894087.599831976
16785754.84143011
45631580.05883347
62133161.80547377
4433969.483847197
28052759.012919173
