fX
3739.7043758462996
3367.2978897924663
2748.436196537497
3811.796606179965
3429.550702249077
3540.555295867873
3557.3360585976275
3373.6372485847633
3502.8078565801743
3438.415398530696
3388.075018613714
3006.8032413746755
3188.583742341833
3540.5334093114557
3131.710395233582
3144.0633556045036
3597.388312062944
3770.8365891292783
3649.7166766694922
3793.051584606971
3439.2862280336944
3827.3643019790466
3416.2801045205683
3525.813012554066
3379.858037731327
3376.829194408155
3612.5743847597864
3829.306332722184
3281.2026966618764
3215.7025071910393
3585.640553217243
3469.1219253043155
3836.8239978374604
3448.463572541975
3177.478588549936
2851.6563170753593
3208.059579507812
3223.6403452661993
3608.164083594597
3390.146002194038
3339.7910554643117
3176.001748114152
3646.266182059538
3511.5590271576953
3348.2402248833087
3567.509187403118
3430.669512527883
3401.907122244626
3780.6535145468074
3617.4679878180823
3449.6498517850982
3422.814633497263
3020.667790785843
3150.6889651581228
3786.8060800686176
3510.4494697895134
3813.9708169370224
3186.227919981305
3643.73837886901
3244.793904125131
3657.000838428174
3600.8502266991604
3446.145456881195
3288.047436802294
3550.4421233694143
3554.8310146781655
3749.1054482403692
3206.2952533345956
3489.116468209018
3637.7790294026736
3525.831011235389
3521.460125146474
3488.5049411002547
3586.0730307116332
3429.8434502548184
3492.735981138822
3380.161645091858
3713.596848251172
3674.7102268991725
3282.3065158715144
3404.973682654478
3417.991547651975
3385.934001191225
3226.2569158302404
3490.180184424311
3752.882280394359
3735.3113992910935
3249.937058884858
3708.2113117782133
3680.078374783126
3259.376820241986
3643.7768350796646
2976.342402286329
3319.454759484661
3267.66043225208
3277.947368827875
3399.10702597228
3407.0181439026333
3645.7862006769956
3174.33242311214
3068.9087639109516
3602.5533693746697
3127.243071372087
3004.969411320516
3020.646356360741
3207.7604494297543
3343.6973476218454
3390.810544222112
3517.4222987116477
3108.8758428734836
3143.49444331093
3253.2705391946656
3519.395121549542
3783.7862317328854
3660.7616569630213
3557.782506763143
3968.6037696196877
3631.388717687742
3979.017053703839
3327.3616682511824
3466.497260992986
3368.677281998314
3338.684676549911
3566.670613020855
3391.607570610154
2784.919350030169
3522.389429912147
2720.2921689173177
3530.5463907630074
3711.4366034464756
3312.187507403562
3375.6321724006593
3602.1686002117626
3489.3026321158272
3415.644332764404
3242.0452444025436
3139.2680485662
3493.3497367101786
3492.6911651149317
3537.9266107761896
3552.473657700722
3543.853172348519
2775.4030454628
3512.642439310754
3513.145681704144
3217.2855603931484
3131.267463943041
3643.6928096282713
3236.3888177052054
3191.080626382774
3535.7056331293434
3320.1283348391307
3785.339083624362
3315.2781065638005
3520.24082830844
3561.6133724306733
3481.1650677321463
3453.3985171456015
3289.8177886949743
3486.039771983806
3501.1756397351896
3268.1546411548343
3292.2805797190454
3685.5541226442024
3527.792873436364
3413.569812795298
3398.8863227819543
3759.126739799021
3734.133142041358
3441.864490656275
3680.9995714964653
3061.080285694483
3183.9680787345587
3375.480474979028
3577.4348545668404
3989.5715746914825
3413.228304650172
3288.871890609287
3516.1467701381885
3647.0942804890387
3201.389983905765
3269.981705084227
3387.3802265558857
3091.023534818229
3291.9161649248267
3597.8312710547893
3498.2149604134725
3490.3999290566885
3410.3555855574323
2997.3299125733893
3268.444343077766
3365.2758832677423
3293.875605616392
3447.2655740284586
3802.1236299390503
3402.1640469725758
3481.6604049094135
2880.3338164053907
3410.6260071616557
3224.837635814793
3301.4248994851782
3046.0774855320356
3604.4508411841457
3480.8249003234664
3489.104867857199
3266.7576388128477
3468.562495397771
3556.976776567492
3511.804502080926
3338.5377347524363
3768.9126510282927
3688.972111517803
4041.1675334734887
3086.512374614575
3683.135080031911
3379.085256827259
3518.5463795007427
3377.7878010474083
3469.178016966464
3469.861801137346
3099.0883811803074
3304.805178942355
3814.7636731583575
3852.955687093932
3154.441937955149
3498.4495460349303
3430.303253869736
3329.128671726635
3276.194244900087
3604.9173215340597
3348.9143851343183
3173.111867184872
3307.5879795672145
3270.6849757554346
3386.8231517862114
3088.995262844673
3081.2490480697456
4247.393711598244
3333.542622424237
3632.004338953863
3632.3367761617246
3330.286990347323
3546.9192593515522
3338.1336408970105
3529.1768975082337
3232.574450623304
3696.28698734398
3590.7395837043596
3245.560517210752
3362.7860649537524
3425.420875016397
3482.7688098281947
3334.825155862987
3270.8892120636788
3641.4731762926012
3504.182395087573
3507.840812046838
3417.5737776828005
3663.470468912184
3396.6778083957065
3529.3965447385644
3283.706760870269
3251.5529834406707
3516.619717019034
3876.1071298918087
3450.2085352935383
3354.600041908427
3315.247729152156
3519.631170480318
3524.667513427448
3790.3634353893976
3476.6687811864244
3360.6903239661992
3511.7669308497475
3738.320822064181
3448.585497776566
3550.1788523127934
3507.976277184152
3473.8226296842
3648.151801003948
3431.429111698797
3623.021059034963
3393.123217082627
3572.97338273592
3503.18281468699
3775.09496121861
3473.5564215905147
3763.528934507592
3550.5100074327097
3644.8356884775017
3517.2283952116645
3249.3429271472037
3515.6698697374445
3468.508048342194
3631.866039111949
3356.0725114846837
3967.238426473136
3453.6527139184136
3208.235855685464
3744.725330091219
3657.0693642197994
3468.985663671277
3591.08049600655
3367.9382784105615
3518.485547020811
3699.951670716359
3510.1040356538
3758.515605261161
3212.695635073615
3552.3455226747974
2690.279524304036
3433.6571801215096
3304.4515791786976
3197.821601741848
3324.2710537209337
3586.8880004960647
3547.5252194890986
3349.957886660319
3455.5582775697862
3439.1221704264617
3904.7759761817965
3655.0450893656757
3541.752002579026
3231.9782991136817
3418.4051348345024
3281.5708696154766
3358.0752513405214
3620.7678352483913
3478.6124085611436
3965.413523110338
3655.1105492727534
3123.0592005165304
3428.719887231898
3127.816509019529
3486.4223148769006
3342.9049107805545
3456.713216447611
3298.799770370962
3498.2782496253762
3055.402098527087
3264.224009579902
3499.516759114165
3552.088416488689
3289.418422294466
3545.1323185727447
3233.9172924385775
2997.356090461956
3529.1883239179115
3232.1475911350094
3412.7982982278736
3793.5667827139014
3781.3769125993244
3896.7229012865023
3369.769093048936
3441.7461964103904
3610.5526298729487
3501.077457192541
3364.423525628354
3669.3089250946937
3166.8645996056352
3061.2059180879846
3411.734307693057
3442.324258844839
3369.0229192682086
3447.221935118497
2952.544957095933
3609.8780466492844
3796.440600085939
3412.892846090134
3334.1557306961795
3329.234361494145
3380.856953153683
3940.7390331686006
3520.068922565199
3285.6861673156873
3367.1403653656785
3326.025396279436
3088.1466547160494
3306.6221334679976
3196.9098592784153
3461.9705276537543
3656.4394416067817
3310.6181060345557
3481.7048350648142
3515.157278459204
3844.9009614870315
3419.3728643651534
3522.519217687803
3273.537586842564
3434.792431184523
3447.4650514339637
3428.8358586627664
3320.949181495406
3361.951758504955
3290.6522445821015
3512.2837943589275
3333.9744603640142
3202.941398504086
3507.5416012465216
3367.292807648319
3535.647217351647
3438.6930921535773
3698.2025910161256
3474.59753966906
3562.0642095591165
3781.2048788039942
3474.061623882812
3419.2737488314856
3649.138473610726
3185.9344753193536
3665.270520023279
3263.6690280375124
3002.3677208008125
3115.4808123661473
3368.8712774222327
3003.1453322426523
3682.0431867826537
3787.1390719429737
3528.1049151830557
3388.229124836828
3387.9700136492133
3629.36499463182
3458.14480866203
3461.096411962774
3774.869383959201
3606.1957347000184
3378.7659000979315
3688.115205119197
3472.8982530740973
3370.3724888759266
3252.6792789650062
3285.971131886815
3126.5717431508306
3412.3377277968034
3037.3548902496673
3151.4273254836958
3285.672345904388
3710.8440264940477
3460.06354303567
3338.0009503635088
3787.1861517515263
3245.871838287652
3749.593958277614
3527.6077776296856
3545.3885124003655
3177.0763217736435
3544.3825898119426
2862.7858156602897
3811.459924472864
3444.930558310247
3093.545385238228
3451.2395058265597
3877.2673780135533
3480.1655918157953
3076.1238075837705
3554.9321821891062
3626.96972252887
3583.0000972804587
3429.3093959944295
3593.9410731457815
3307.749931806606
3737.5741387435273
3397.4381658279885
3587.9187807357775
3436.5009827135605
3553.7639254467485
3794.1738269454786
3825.6019574391694
3322.127241635082
3283.13393069098
3600.9065927315146
3522.8776552231852
3525.617652048017
3417.421877348117
3857.383440159569
3317.59430247486
3522.931921160149
3410.7221967408223
3810.815217501897
3708.1027920572615
3199.6493331356464
3480.9132084255093
3312.7664262181393
3638.930059631891
3190.396721714151
3442.0652590762456
3326.961773597522
3376.033530867804
3548.8852715584394
3454.1336866281404
3125.476316935226
3457.113863401379
3261.934919726685
3393.323977646631
2798.9766197288104
2993.2644995953165
3071.6088569495632
3171.8464329290914
3114.4647555140173
3596.948482712005
3131.335767735254
3863.7682409306967
3775.0787953566855
3480.017347456873
3284.2249534759403
3641.64909321982
3384.275728648965
3489.4994125030057
3521.8031760677554
3384.4535388107006
3477.9580598323323
3705.2512210174464
3348.9904662351087
3177.1357667470093
3324.733256510741
3745.6192421830087
3423.7002173938595
3580.297655930822
3346.9713631906284
3567.5689823657694
3437.119549195536
2868.5165118994464
3702.591030935286
3347.3812667242496
3076.6631659224454
3765.9403177508825
3639.565816746612
3866.7168796397027
3284.8223936629497
3833.812106625391
3309.943824122185
3611.143532616723
3741.0265864114394
3288.315952291234
3421.7011887409194
3039.3240184113806
3312.7563863089867
3388.068518125523
3655.419234726116
3262.3156252943136
3218.174850905823
3086.235896374083
3695.484592531208
3586.3077794758915
3278.5128257803945
3525.5825971479835
3192.6136827875757
3355.368508912924
3142.649451812767
3202.837419207624
3085.994085950481
3362.688788741763
3476.201752654006
3512.792946300271
3536.7973489031515
2833.2672792924845
3583.961956236578
3366.133545834875
3380.121572384179
3181.2485411437888
3159.6972299177605
3799.8905670369027
3689.0520216706695
3492.071088118216
3114.4078789151567
3394.286144944034
3560.4744784756645
3674.940481003715
3013.2085930042663
3530.5794609080253
3660.376325764745
3220.9309740851404
3410.3816410208133
3546.784335974776
3680.701584235135
3206.3055166196195
3678.4710423905167
3270.396572377193
3131.5448311620817
3502.4619569239426
3188.5615206704065
3222.208831953116
3585.5274402446403
3501.426264629171
3470.330968174332
3578.287580994186
3308.8873585766755
3730.3090600923256
3427.804316746759
3743.0396934260534
3248.3531688005037
3403.989642054751
3612.3183707693706
3408.77350095702
3594.729230394486
3316.885799661041
3277.680290641922
3285.4775825637666
3177.179866517914
3754.7327123346904
3273.6182192427405
3445.2413881430275
3594.7335674501755
3509.7828742714323
3089.4376457745525
3765.3814996683254
3795.281183527694
3267.8949851968327
3482.8217271592503
3477.8029840909653
3640.458385763012
3291.695631918839
3456.7763555841434
3307.5849933270842
3398.0345983783327
3217.080477060534
3640.3997535843378
3784.061106447002
3117.4571895690196
3341.612774234643
2959.24792214744
3658.2852432568066
3167.047053973041
3610.1345571144807
3271.694694561535
3129.611734678061
3089.6260567776385
3514.450344446745
3731.539482182046
3227.865428082002
3440.788048020538
3700.2123512477337
3371.4682080555995
3861.858614878733
3342.819001129857
3184.264629673314
3338.4140505265063
3254.1513703724654
3939.3412036690193
3210.3845286377555
3633.6499736963365
3830.650262582265
3580.0004333323855
3639.0223299405466
3133.082053063216
3253.188003143667
3548.4485145539875
3410.3163820940786
3288.63053720959
3466.807450870113
3537.5884041370996
3395.173861622407
3355.560335331462
3650.388253103957
3464.758303507287
3482.0415135458384
3341.5338086731613
3481.211803213269
3501.138222643713
3709.400700972984
3496.2939086351644
3200.5385504730393
3514.636662169299
3610.539222383161
3502.058110892732
3643.381541021448
3362.291887633099
3367.7232722182557
3204.4066771093703
3049.084809256123
3425.437217587964
3527.7165926416596
3520.1191903118815
3115.1543062293813
3263.939058287931
3388.289727208499
3318.82612972657
3111.7943653132484
3220.0757460271716
3725.5597573638183
3471.9882947172987
3523.1801143290627
3769.090459427696
3358.6566580879917
3225.4610309714512
3147.653883270992
3039.82903113794
3158.014875128379
3325.089457872283
3010.1168110313724
3367.1418234195294
3267.2646969244774
3938.8257665083743
3502.324916950972
3092.6275999741433
3093.510777938859
3241.294171879408
3401.6466060547727
3439.926739732757
3361.69247934045
3372.8310227300176
3319.50017709219
3630.986661050638
3526.2991349963972
3646.514968364441
3120.278507746588
3446.6947175097666
3878.387154031986
3191.6862701073965
3356.3567268580896
3070.2884136268203
3599.008199617619
3752.024909635622
3490.2092251153113
3176.467100084727
3767.008551634805
2750.024886405898
2956.69725281984
3443.26116681455
3765.876624361119
3590.6235905293374
3694.9667023681
2784.336575618224
3463.00451725585
3631.0727031172696
3557.6744437775114
3422.77128295627
3586.8710558208045
3671.7260143146273
3284.1129663519246
3558.840795121467
3209.936342284877
3797.6913592620917
3591.244669778963
3760.832855237682
3544.144483957371
2965.7760548996216
3415.987411978272
3911.4552761494047
3779.1221769016774
3917.020012098827
3869.9188049070453
3476.5607733751854
3575.6358596832547
3227.30463828691
3747.4642005167466
3505.0174510620095
3181.211335103419
3582.550399866817
3828.5140303283847
3339.5693629323214
3646.29143438701
3372.4246541348257
3417.6559433123266
3364.5992028944142
3240.8015825055354
3667.1516441447498
4098.171814655123
3324.4714152944684
3488.1539024997005
3236.2292512389213
3374.554473301864
3190.992081417989
3176.3043775138035
3462.1074929731953
3549.075120172592
3303.5418018163587
3668.413670470396
3121.16809550558
3064.7774630100557
3369.9945637731244
3700.5723801300423
3763.8145738945127
3373.5124648304154
3539.2069032045324
3068.0234338538453
3467.9691980568196
3063.7679565829026
3211.4017115647885
3372.177636550116
3792.261404225191
3528.592557070145
3369.9592537392336
3663.869799377832
3635.265495666875
3517.1507199999182
3680.647695494263
3635.0019118829214
2986.0520425239088
3280.6851936984294
3524.3217516254813
3624.338245216911
3528.7502519006835
3578.4075185446413
3702.4163325585955
3866.6585591878534
3256.5301409924587
3402.1688573334327
3475.4952015162794
3813.8110490555
3317.3354973322153
3437.89072813928
2697.9863192377475
3680.5858052579065
3819.7302943714976
3428.7313741897397
3515.3613177160946
3873.1540614330224
3306.050755859811
3491.939175610269
3542.133955417446
3682.950839732956
3361.566904802415
3437.8065616926833
3138.2934472622287
3504.148927318691
3089.567346178892
3736.6318430958468
3135.4196856494314
3391.168641431021
3354.2625925233506
3304.900480738767
3346.365785693867
3395.8401603666966
3444.9854202681036
3656.655081553258
3311.197374903137
3244.8290778787364
3347.604832697201
3435.470299405516
3738.0754573596078
3474.090704164103
3576.0678960856744
3097.9744307263722
3000.3501076745056
3381.532382782649
4030.2107124066456
3498.4707363708308
3565.239310300754
3121.6906516147983
3349.8914705272778
3650.5540300585376
3552.466638961066
3278.1604116713957
3609.681112579566
3138.828339628174
3342.696289479386
3501.8010308310845
3781.1747711600374
3476.0603227098277
3119.9191305289564
3478.835280902315
3184.3668554333713
3457.587675105471
3157.592119248273
3515.882394700315
3688.9231287023704
3511.85291800107
3359.3271480646017
3592.647420152584
3386.568583615988
3507.110682632879
3362.3122618385155
3490.1023733845363
3362.932154804767
3632.5047100604193
3182.8711680759598
3390.707288065592
3764.3430761681607
3077.7050979564756
3033.773599107207
3153.138392129061
3717.7592280426356
3578.0224494855893
3036.655596909893
3392.416780846557
3104.8601620883614
3205.0093393712523
3465.866591733247
3545.179824034276
3468.8957461003906
3417.3005152885385
3690.8040780883243
3495.514737450219
3390.93937481801
3589.4508067569313
3163.301013389983
3194.0422226712567
3096.659365092592
3800.8455111346775
3655.0401752796583
3373.5110428570747
3033.5877370812395
3409.870740732788
3093.043040655483
3543.1914814249035
3436.5852594531225
3187.4652568536926
3401.4305913312573
3568.724778507801
3397.2901453170202
3328.5384166961344
3073.372254776062
3589.3034124443434
3352.609469138347
3400.604831008898
3640.4646309697623
3495.482888568262
3647.1004101128
3513.723003012498
3430.448625334404
3585.2736020257876
3365.92002851022
3579.6184030427366
3243.620539980346
3586.04689499013
3798.4677042182543
3286.734023462422
3519.3637429571027
3992.803655561931
3297.0964211832074
3184.6223820158107
3311.677461258733
3002.9967216447762
3239.8900087505167
3459.336046827982
3623.341308098002
3076.737043265757
3574.7926953658375
3572.3942537797298
3520.142287410698
3330.6851195979357
3533.1601826808305
3324.9471292155185
3909.9695017951185
3399.469128478074
3586.6133723084104
3571.9860081131133
3129.119621869967
3577.9922645470647
3407.957732926681
3511.795397042197
3464.560716620457
3315.26286079188
3252.5160741738055
3698.090546168894
3272.986515253838
3507.2974839083317
3125.7888945081354
2983.5225054947005
3089.8020350551087
3444.23466624475
3700.2642073659213
3668.4410460967742
3117.041555925514
3307.6754577515776
3294.061823698427
3220.7373150487697
3639.6974353003075
3602.193585444593
3398.7022417785715
3695.1901323688417
3524.016313430611
3954.627997515489
3290.075361217804
3414.8834910194587
3412.236763176653
3309.6214437971466
3278.0094897115328
3184.5263020735233
3484.072847966568
3521.8445654241514
3678.1484800928843
3272.39270031825
2997.056759385456
3521.9779930730106
3543.6612813833403
3387.4275326399525
3451.3654265428527
3075.418964503712
3231.301673115058
3179.3246441143997
3530.737378283467
3029.1235556112747
3786.2915932930055
3181.655591163565
3537.305546032459
3519.632213943891
3386.046553666263
3224.663543791767
3721.093453415859
3439.510470902054
3508.6500847830007
3282.502817303767
3395.065870116054
3398.446244255669
3541.9610378361804
3371.6722569230938
3252.1139445861863
3553.7747780691902
3724.8780963599434
3376.2163323207824
3422.698558634412
3197.7137905245804
3103.421573528751
3601.577361692242
3381.6524812655057
3097.4103162947245
3018.8423335595435
2986.538788587523
3117.560453672366
3558.679822545376
3900.3912961444003
3875.9558273209113
3549.159972008683
3278.361107492167
3033.8409848260267
3966.6661678698174
2895.439371969473
3254.784654023639
3962.6672320107314
3436.75520531444
3341.3874223794005
3062.0674581444882
3525.6457531519277
3248.743649663666
3730.1702292360865
3323.116793500948
3274.39373845435
3279.4691179617503
3164.8565570582055
3287.722482486837
3234.87707547485
3097.4471110236523
3561.9143979481005
3722.2920550713584
3244.553206352775
3511.747606165621
3251.137005717159
3265.8318565802706
3750.2300855976387
3563.452833362274
3295.1902259485473
3071.579141939164
3538.1711714404732
3199.537464721704
3688.8282721897945
3246.995296149222
3209.5732569899574
3466.8234522059033
3213.0171153579186
3601.1129744784903
3133.6387000395466
3486.453524554311
3104.7378123877616
3819.907402598836
3847.4624754514384
3212.120150120823
3274.81297696878
3336.2775327290315
2949.8937174683156
3340.937814002485
3410.728591975441
3401.9085179715416
3843.630721683945
3197.1589087937095
3581.305451174601
3430.537798094536
3637.8911919228976
3076.5829843340703
3210.780245432976
3333.243275670325
3227.3881986837937
3316.6909609216295
3405.063704650527
3706.5004053000052
3060.086046261963
3346.523829079047
3430.7419909511696
3982.838791027543
3647.681750529115
3632.5319010199314
3506.816469465045
3329.9318693194414
3934.160619297081
3303.8392706351246
3553.6472741478697
3603.1526475749665
3125.3255165413007
3471.934630339621
3328.2957102290125
3831.8152960773027
3628.3884324887777
3234.7150793560354
3521.7062267988194
3498.707245657079
3382.10306602261
3389.639172113171
3134.865108008106
3358.759966701588
3414.375284144247
3531.958956389313
3484.417357319219
3576.2874382837686
3293.8461300524073
3335.288737879293
3138.9785534833386
3630.387943680876
3472.690729086127
3341.1357840690735
3084.623556060196
3591.3121843831173
3723.8961729771318
3225.8238702427134
3776.3308108888236
3540.250151135919
3722.8145878894643
3211.9173137180005
3740.3353836218043
3297.747960369955
3362.5098695867887
3777.0823284084595
3498.4030095547973
3213.501348489003
3512.7321015865086
3648.8795066942494
3033.1681651629556
3684.6601726900276
3359.4226261864414
3303.342867483946
3629.637649354296
3597.3038299952295
3266.0209205487736
2997.7769204996985
3596.3314050473978
3523.9780411460715
3958.2853760983417
3259.9825842832965
3406.7012298188897
3575.6259865412608
3363.0896068321013
3436.75242159156
3163.1895079636915
3347.582661446005
3464.4502159452027
3674.5613261239346
2980.147195467629
3430.4706808549086
3504.7449331633443
3581.9976379347945
3967.9818460618185
3366.473078387021
3153.7198057639293
3373.3926810983053
3589.5260864946
3219.866155558822
3248.95469608146
3463.8179540972355
3670.8279234667616
3753.953983679149
3206.7948306901135
3668.0993972876117
3089.99760854017
3253.371610034401
3558.270434582037
3725.1027861818447
3293.3082700198765
3674.636162692933
3259.8017458710215
3585.0609667350386
3310.444469653468
3136.3696315905568
3664.5824588108167
3351.1750476709103
3197.531203229065
3359.645559968864
3884.0166768569547
3669.732545957663
3059.8058193233787
3453.9869428056677
3637.284552503855
3414.994438862813
3843.8137331686617
3087.224605912898
3558.8718209294143
3349.8873252533263
3407.5369964309407
3337.0525666929107
3446.2583645996187
3519.33048750604
3784.4863934783516
3316.2135889890824
3503.244265227916
3473.599038383525
3419.2871833003455
3763.662157611187
4086.4987603242557
3610.6330340416807
3128.5469592346976
3396.2851891729583
3440.4059292974257
3453.189036618407
3520.152546169898
3601.587144224173
3540.8598256152914
3388.1110977155895
3206.5995534624462
3057.0060200754133
3318.242871179815
3128.234525856505
3425.2420090153464
3338.2602124140344
3665.905796372926
3800.21595775507
3718.408331126297
3437.150889783175
3502.923170414208
3022.769257986162
3262.1601358782095
3614.7756339190832
3302.285312890355
3658.7400025736783
3314.955548987883
3779.007855860408
3322.9584906876685
3491.5843161443277
3762.3673489314288
3720.152958149243
3393.185150864535
3328.968987931243
3416.832558486896
3166.428145648887
3723.652826199439
3708.76604171279
3982.108876428213
3770.6169109742764
2841.489320362116
3191.8354772667226
3237.6863066051083
3690.4736660170774
3265.481887677113
3429.6262049330326
3313.4534203873054
3206.337909156828
3440.2489535970467
3264.776857903368
3157.791275178537
3347.918818324598
3571.400363059566
3497.0071633225357
3648.4873185298097
2950.21992679411
3458.503045902718
3354.7404661597143
3192.009373516623
3233.2369875648146
2926.7496746219686
3399.9830557681576
3410.688053704171
2886.8800863643155
3843.8315029338396
3742.7913782741402
3653.826245382014
3559.0302286126503
3568.8583330323586
3320.145898664676
3330.053628587209
3512.508130109202
3618.561805420213
3757.071164266758
3665.7397684060675
3505.747032393222
3333.0809242556143
3454.282424217632
3469.443890514045
3439.6001828023395
3821.327728151181
3297.9950054442547
3477.9938173628316
3304.436391170671
3365.4575070551336
3284.5492543390174
3611.5976961319243
3138.3100151803337
3439.418299397107
3061.39157341238
3202.8422924677243
3457.108014404698
3410.5075590038814
3082.6859973234855
3275.8513049244884
3322.9327036549325
3445.2607301765825
3052.0673901806545
3591.5310389650926
3254.8116757644966
3332.056865064291
3435.6169697036507
3341.485327054789
3413.613046639933
3052.171888048047
2502.394579856427
3327.0651014995847
3324.2612554066795
3304.0260870975976
3765.8187778496845
3567.8118330443053
3246.1984653731174
3567.8981573283295
3621.178119268723
3608.4173407527774
3462.556256887184
3422.0191304326263
3123.9216825016542
3697.580767840551
3182.788544575628
3606.9919721004953
3100.0106440585337
3356.155023199442
3527.755856035904
3302.425158255289
3302.3713058961253
3388.7775069146487
3489.9471683376423
3511.7343986796527
3405.030441785945
3312.9444996827197
3418.8432730055056
3514.962134662475
3667.657364581078
3192.134447037009
3320.639002216893
3794.788982627982
3497.3966383288202
3339.3224533685084
3391.6791006637586
3295.422592239663
3559.7882697747223
3947.0945839299106
3294.445358375882
3651.2708165147255
3402.532337498938
3487.2575427951097
3309.7658229522385
3583.7532426307503
3351.271876181131
3558.3342276044755
3403.8628566009456
3369.454183700352
3391.0997113621816
3283.099722132622
3450.350819336265
3315.6081957184015
3344.4382842677337
3419.6711415063637
3427.630041263206
3692.058873475622
3244.0506730062407
3363.219867214683
3482.8108725803645
3613.5189901515637
3298.426057956625
3435.1073989381716
3326.0538159431544
3611.7714067686693
3683.7167436547234
3358.0286044744857
3466.000320528295
3603.75779080425
3099.469198269903
3687.574459038467
3138.786301507404
3162.91203223216
3305.1751446365843
3551.60150862684
3279.6080109165146
3324.155495787266
3569.6825851799235
3568.0033080628627
3318.008849344257
3231.5504671969443
3539.8558731367366
3654.912076117851
3589.547230328938
3147.1381713689775
3602.812264268165
3117.1596443476433
3515.3338765495314
3400.9679650690246
3418.2177495888986
3449.2985372919634
3354.0233074786897
3459.786531971379
3664.387372388946
3977.8868098667735
3414.7746217003523
3235.7276452283063
3222.1451568517496
3471.6374868981234
3565.4344067396114
3022.1043481994316
3626.665014562458
3187.7559004034592
3360.7413927727985
3379.020018086436
3311.491491932026
3678.1660472786198
3680.389258400566
3703.3273446175763
3830.7923673558125
3239.0668690258067
3422.363566815954
3317.3371159336584
3488.416188661097
3259.8486634354126
3687.1996140607353
3266.742353914357
3469.7130943265142
3354.9532165614987
3192.1561157674973
3268.930524048483
3363.060619628539
3219.1002923305236
3320.4517370078133
3420.773976488871
3246.2275540188734
3272.9159996349813
3649.118340488922
3268.554068974428
3055.376383501963
3195.257596409429
3500.0243350270484
3686.971043523757
3359.2396732004413
3750.711313670117
3071.296079145051
3570.746950085346
3520.8575026271533
3431.8392262645802
3319.767680628938
3319.2472616628033
3356.05752309315
3355.6763319576617
3343.6066883567687
3383.205717239061
3581.9491610762575
3718.943142229589
3469.0264454810012
3217.095629634303
3395.5929316324136
3165.426916515465
3151.0079893814564
3245.997346876418
3672.892013152837
3502.151491401753
3185.7674923443765
3366.7726148973193
3928.0052222615573
3460.0147559409584
3310.5767527217417
3273.313828025273
3308.6601223550583
3520.2368084289333
3699.1072939399064
3429.634938152158
3194.3628806276984
3795.587663357174
3246.879591425502
3592.9779283567113
3301.300402432443
3289.0296055890612
3171.1914678810417
3520.8140582966257
3620.867109327651
3411.199272752236
3408.1957768711204
3205.024084482206
3495.236133957568
3251.395523559129
3800.9140872500307
3277.804737049476
3089.3806821135695
3651.510323146386
3820.9362893372277
3538.7326105930174
3143.1955847643208
3271.1366732914335
3783.2059390032987
3521.1947099449317
3307.9238240279205
3544.6178621896747
3548.091555144234
3459.826399202698
3178.8955482716196
3532.4286598661506
3460.035366012341
3411.353587445376
3554.1147664164537
3217.4136336390234
3320.9050049767043
3560.912865638871
3370.94149408746
3363.566411007215
3479.63680412302
3527.28562711943
3285.2738828945376
3214.1191430398985
3507.9140750890124
3064.3472184721745
3435.213522508619
3180.7506183324444
3760.164932884557
3559.576703837625
3465.008839941501
3336.51112784023
3508.151682188025
3431.132480826356
3427.8731699152518
3816.27622163411
3681.358079196331
3621.235466006912
3162.422682023221
3272.1663161460488
3485.737796019059
3398.516790156888
3655.455332363141
3436.0229637800294
3194.8233710691507
3046.3818998695237
3563.434246781101
3213.5806192412206
3525.581424400672
3398.5013073087234
3381.7200470131615
3727.421943161574
3700.4402809848693
3535.5384500040045
3592.753717434513
3451.449302956508
3336.498193180145
3230.613539763079
3413.530478745556
3371.5082726929727
3069.265997196449
3682.4146661531354
3547.259306418809
3649.8584639735554
3542.6057636185037
3451.9899284134412
3587.198980023939
2697.2286860401587
3729.9012738543324
3382.2981144900054
3223.2954590560767
3618.062213100543
3550.0492392761003
3723.164616590256
3423.065536900555
2877.405875690577
3369.947109972895
3937.4081664404916
3551.068903343018
3725.7460028162573
3380.1464748960057
3160.152399287904
3669.6861733107357
3444.241031338655
3391.795468994033
3510.037983145437
3068.931632775919
3360.4293891741295
3222.861142837075
3369.9900314446936
3027.8075343326072
3383.4894945204383
3427.915804936975
3099.386919091289
3562.650996138104
3505.536450517357
3715.6543035377804
3610.5597370413584
3909.0466360912174
3209.5525122614285
3563.1433451206517
3484.043381570282
3239.3688684294502
3347.218441778679
3135.372550945454
3361.923231354842
3052.8928221421033
3189.0791488040986
3550.2426601595225
3579.8175509979797
3299.5270797662165
3262.945581689182
3073.908600688697
3497.5401375498186
3387.7960082880795
3248.2150338916776
3075.3086744957222
3494.600544883728
3233.3217716865843
4146.377776510848
3160.7268588222555
3527.1954733406415
3384.17605829218
3492.8514098506716
3216.961194448863
3563.0367076154103
3602.723136316535
3151.899405309707
3417.339041051547
3447.704037061591
3476.2412452706035
3136.6852472525156
3561.7399123237838
3432.0153511928534
3422.25563541936
3383.6252548454972
3220.5869380652216
3287.195406623792
3469.5081719812006
3540.813694753614
3462.0457972705663
3320.3882497305954
3140.522634864221
3436.852244689138
3767.825049426977
3580.9400274696054
3619.1026062528395
3289.577318631207
3404.3920262302904
3905.2467624925416
3394.1967531615583
3325.801635904834
3586.7891032325106
3162.4043412523656
3913.8793501506134
3089.947494967964
2965.5297935344092
3368.9249487133666
3525.5089549947197
3503.0611866027184
3309.2442137028665
3180.5799150133257
3476.00722790254
3397.0661323765544
3615.44323241533
3681.6539661311194
3492.653927671545
3119.5054544866903
3199.5111503518388
2914.5721780937456
3497.3990342009342
3082.109403126317
3466.5556182701466
3562.1887262706796
3460.7971720433834
3590.4850005794265
3545.557645492397
3520.0123907221414
3496.5592795142943
3451.4712896184647
3544.2543933943466
3366.504042497738
3075.615619193461
3428.544465390793
3410.8754446864846
3016.8090350942152
3226.202028253763
3261.6633573322274
3273.4191414560914
3387.3901058604592
3367.1830552497063
3539.2923301521655
3771.023079087031
3253.4141968730873
3493.7462033607894
3588.0451026561327
3533.858018447361
3385.3294741111204
3332.1164842540275
3605.565202845129
2961.947450593078
3505.465355513307
3962.0497409505847
3296.1942873910875
3577.725041837553
3452.5499460753313
3247.130721279312
3494.5521860572403
3538.5925071571983
3487.925239384789
3416.2350356433185
3714.455447937894
3759.22562752592
3196.9733945674207
3557.4093944841
3637.1826443189543
3258.7924588986825
3270.128592916915
3519.3439808049516
3060.8945522549498
3395.491913210583
3136.669254036
3760.0298483165957
3308.503954694067
3829.928669460113
3312.8372514409757
3207.593330632563
3332.3448126488283
3468.7358774234362
3051.264387346317
3627.309406697295
3567.7440012162824
3401.6925755870784
3411.1804044365094
3597.785470319732
3451.0770835336384
3338.2924498439143
3259.815296573072
3405.419445093534
3245.1411066676615
3410.8614302236288
3827.7052178588156
3322.051482761422
3455.48530708273
3376.4280098538497
3465.9399594478477
3690.439219013175
3472.325266547344
3377.759156000776
3206.607427329605
3333.9511454445746
3429.381874257508
3535.268716365936
3355.903430306854
3047.008748188387
3412.5385554422273
3452.55924520392
3258.8037666451537
3047.8751099154006
3566.960554187011
3213.213596250073
3118.37902145725
3087.774869575128
3340.367029985567
3603.512732609799
3569.4420668017224
3776.5749583348584
3395.4102351361216
3491.5718493916033
3497.631664953226
3554.6335788267766
3701.080007376362
3559.23649762331
3424.1443692906914
3437.0056104833907
3328.8646759101002
3557.029148526353
3697.534140458168
3183.2027273897406
3761.279481062631
3410.046246438076
3675.304939758629
3337.8985807093545
3027.0301647932024
3544.0555588144457
3253.1777135824645
3358.1464148953182
3410.574482377302
3438.9402759691666
2912.907166204787
3729.0045481600355
3303.0536716409338
3592.2243549545315
3282.855715775044
3270.2664957448033
3649.1201952747315
3516.126580258044
3567.249342641392
3519.7821631965544
3764.452084339908
3589.7030077664176
3320.3391446430905
3762.6971110399863
3720.768206750858
3563.7877437438683
3532.7069899762914
3519.3292042531325
3161.624511029996
3262.526598842703
3555.3942622944664
3610.820936147695
3290.098142912624
3267.7826404875514
3717.9651993078305
3106.0098978082265
3556.221476391596
3522.7345973703495
3341.3324784253177
3385.0106645398682
3134.7524574228933
3408.520443889753
3447.6505168853987
3230.8877039287077
3365.799280171127
3339.052771568961
3361.4041366654324
3334.538642961081
3919.712407809624
3591.179683387071
3585.440646616008
2816.9817738227193
3667.9045173877444
3267.81788643347
3433.183124467784
3503.59544270903
3839.3574607842984
3143.208440735913
3347.004635471259
3324.7570053491086
3433.293026034008
3523.544443784585
3573.887005564221
3700.513912798732
3584.357844196869
3196.292358325894
3425.749630415774
2945.9980626744205
3469.656989311108
3149.863341719651
3224.7171921623544
3394.646381611015
3199.303207472496
3363.7379719623277
2860.202341017264
3053.129189003766
3266.878325100888
3646.5482794094883
3171.8310961685065
3420.741062990735
3371.5002162759397
3190.0792209359242
3730.0483030120104
3639.8728457305683
3162.496921261775
3489.038285573408
3521.596006726349
3357.065598738762
3388.7717668851274
3348.792255114109
3591.315853186993
3224.8253201657617
3361.7152518432013
3360.6058723454325
3495.4322976670514
3409.247296711585
3698.3871085429655
3773.0501499190514
3498.019559053119
3826.032080742033
3888.811376889793
3818.528382386616
3278.338725678078
3551.2739506481907
3489.845870092657
3303.3391539159725
3557.879810111427
3478.114349293472
3540.0216742795074
3269.2601265723856
3062.895683329172
3334.270020804584
3551.321671200933
3457.463848540707
3299.21349818518
3393.058128272277
3561.8004533624685
3653.490306361541
3829.3581118953693
3563.732421526575
3209.3354462087814
3569.757935052936
3740.0346077313093
3562.8397147259143
3474.5204569837447
3239.062645931865
3740.628987649308
3141.496048241098
3427.153450994132
3366.9051497149353
3249.5173266561137
3263.5413409815806
3640.760980654121
2904.1278626093585
3410.3064803047187
3595.251313873285
3763.711792132133
3463.26869114013
2813.417922832014
3354.4890701805616
3457.1901374260356
3384.8839445406297
3475.3941281482435
3466.400327016786
3385.917502912778
3325.671722199113
3462.7853338801556
3389.803788108794
3608.9774830110414
3615.09582827085
3342.5323988980613
3659.637344951995
3637.0286699435323
3132.868237101437
3548.4080732676766
3513.2775685697156
3070.4163920027836
3674.8208389596184
3322.2390378653236
3518.088895481591
3146.719557174005
3727.193045572848
3030.160491534944
3062.9278371721134
3573.364013689798
3658.438555475361
2773.9509039144896
3345.313682171229
3400.1715147500286
3259.99597191799
3289.896510366405
3299.684355833129
3249.9607067947572
3457.1001248768503
3451.9831807039623
3343.0535270010314
3330.1756015021665
3702.139169107032
3397.196269715192
3559.6498595545595
3476.1335368122463
3364.291159636434
3508.097062246165
3313.0496193326917
3568.0230102545697
3554.9552353754875
3345.85329312026
3312.907835483794
3417.632685221633
3222.323002354765
3194.696622139556
3648.395591081055
3309.807096504914
3215.6876769503306
3568.9420488227315
3384.989378854585
3486.550544471098
3090.464597736646
3213.4505359687005
3441.491274114258
3662.8893695816746
3389.8990990859434
3153.0018254407337
3274.2578007353495
3453.993710015468
3483.679922862385
3371.231824984405
3501.0962637566563
3409.8426809847438
3184.2723668555604
3232.9921379087186
3146.2245399901863
3487.915164469238
3789.092168679854
3417.033934542052
3392.7630183226647
3040.758116242417
3502.97356275451
3490.931983076191
3670.566190850726
3612.6941014695835
3147.9866055992225
3443.442965563974
3031.398092361312
3079.473263284413
3824.492450956353
3240.186701022664
3715.6217240849332
3151.114168446756
3402.526277164396
3348.3726007663827
3325.091675059814
3480.552074338242
3608.691750101756
3639.777510911196
3642.077916829993
3250.0805697167116
3687.1972619252906
3829.451789339165
3469.7040821423984
3292.788797518038
3549.985220650441
3508.4305187837576
3099.7679450535293
3416.124443477361
3296.203677814106
3452.477618617185
3472.2698034379696
3517.178178041202
3693.5272844624037
3338.8081520414958
3481.624416637776
3339.936508544074
3742.6136805225156
3739.6519393800863
3436.6707858690097
3559.830021056007
3058.1324235861443
3702.7098287968215
3581.6003949425526
3548.1669299612154
3470.924185863314
3722.6029609396624
3023.7411420285293
3093.146137919258
3790.358674337424
3265.2476330207087
2918.1280473469355
3748.522762305031
3334.079123833743
3428.6131108539194
3069.133922698299
3665.2961539880857
3208.471727462351
2986.2023538996878
3564.2270383836967
3414.6226532472037
3576.6365472235334
3656.987731791102
3060.3253976331057
3723.812564155719
3674.7113933497085
3409.3828755767795
3502.592277315657
3210.4801487830578
3566.59179117929
3322.6895666797323
3451.846082543394
3701.881141546372
3309.4732071648823
3770.852869141632
3452.212476314415
3431.009636300865
3486.023152862938
3440.16798397059
3164.7808077598943
3412.3856895510357
3337.690803199249
3510.020915805671
2757.120291738813
3177.4525843616907
3350.909276243777
3494.108526867107
3468.5327500308254
3013.6874942318823
3455.41431669437
3322.782809572728
3389.226513239007
3664.3690909173315
3562.1886031477293
3605.536602870921
3268.864422454059
3085.7028891566665
3791.2717146075997
3794.120897270571
3593.9494211198594
3512.5925100074937
3470.6569520870967
3304.030134654028
3216.112567459757
3452.0739118341817
3385.425659427345
2998.543780213853
3401.656336767096
3221.815303447575
2837.9156603044853
3311.3282237477565
3144.2931777517465
3377.249644794494
3484.2686040639132
3242.611655851841
3221.168356628559
3461.0588200234824
3209.4130166780187
3378.8313456519973
3827.6150473289613
3603.1108633592153
3355.874302732252
3002.7390430691175
3164.4139699704942
3322.480747320998
3426.447329207257
3575.807889368018
3204.593127097955
3641.1637657517695
2969.346774260226
3569.6694639337825
3088.1544501880126
3361.087477812314
3688.821702733461
3811.70862909939
3388.080968440676
3039.797837154294
3283.0086932481236
3551.4555305688214
3589.0417002332956
3169.3418012041084
3130.2933344039925
3731.6824162466005
3202.8552595047213
3996.06221725642
3829.6094025767884
3452.280250631103
3157.188974919588
3183.4636746684955
3092.9665096787417
3565.531665736477
3490.213807348736
3714.3972378681915
3285.9956677815912
3784.7223967646346
3488.1548110669123
3210.068310005055
3537.4649617875775
3219.487721220809
3042.8728606996497
3170.736546822123
3415.8357261086353
3384.9652827964433
3732.06610340377
3653.531879806928
3590.4704566781206
3786.014503138646
3142.207651615626
3256.070847270065
3656.071254961543
3426.0433131139594
3385.242147608284
3759.3045552178514
3112.6025154391664
3454.107567438421
3301.258299640879
3335.0242169132343
3789.6631673406987
3194.204568684293
3567.9967937712095
3445.7855243446347
3607.7793948215553
3571.49568627613
3496.333120138379
3102.130343945534
3701.6377263399486
3328.240133316704
3668.482749770366
2973.405347677116
2964.117729038739
3241.7006526179507
3388.270720294759
3488.8877423792087
3170.699221819461
3478.1126047412317
3272.074446614127
3114.259370074284
3525.0919654195886
3403.250804280172
3655.185498122957
3292.1241520479166
3509.8161262728936
3245.0411498414373
3184.797485410201
3303.4210786903354
3225.010640574542
3171.902162708523
3767.968002044446
3264.497107129139
3195.879544111246
3232.8575058314577
3016.7905529668456
3534.0651014119508
3337.756144587085
3420.798305371632
3401.9097628818977
3255.713649574027
3844.9812817009183
3368.6778920756133
3468.5863839391295
3639.9630611208763
3417.6307831737736
3349.5150665629385
3266.293598145436
3320.956140481317
3622.6033159415924
3475.344132885317
3421.81656853332
3353.44402625438
3647.5421525131037
3289.168845195162
3245.590490068035
3339.0450081187714
3989.1578440903454
3432.599991318835
3340.721091043223
3444.0506724454285
3630.0241813673324
3667.4844346000796
3252.4257158342543
3929.8297047773754
3019.407558022642
3524.073755923916
3153.6842102215905
3203.3609014745502
3547.947602158044
3302.2840295058063
3378.2915513922335
3247.8887649492613
3654.9952686308948
3289.295530595345
3282.2938589211867
2826.08585857591
3120.848952558073
3464.631172743186
3184.3046066059346
3227.6515790470535
3311.0884500055154
3210.3860000720424
3417.9330997316824
3293.226866069995
2965.6032498638006
3240.0541900936432
3642.314288004145
3357.7435756614877
3314.245429946382
3060.6393464414978
3156.813291503089
3551.8544697341554
3470.286590542408
3460.5648560856193
3532.0952381137445
3665.0439128692415
3589.8871470335266
3569.3535068197502
3058.5576555068697
2801.8348550940113
3142.2962758568005
3122.6392864898867
3560.699997111553
3186.3346196249217
3204.806453907991
3422.6305110137732
3425.304432568903
3790.894778997965
3209.521292262677
3625.5583340735984
3216.3689130709727
3588.4135328212446
3033.0770719748843
3269.1027641300757
3175.996897403738
3626.710515502577
3471.505848577674
3434.074932654165
3125.0001730311997
3513.479936510355
3432.839928416736
3425.477327865263
3614.0121525707123
3473.9540237997317
3499.105538091666
3297.004142688547
3102.9341156811256
3560.2840691124866
3430.71459334198
3334.749952565733
3854.0559510935173
3066.4620032286175
3761.347972430632
3485.668481279973
3563.198788562583
3096.78802611566
3588.537115807889
3248.825077137272
3210.815651243915
3166.0184192741585
3662.9853388859415
3606.077940025351
3433.687184500773
3275.784726684126
3061.6279429845117
3327.3405881889894
3329.6002648134986
3223.0485600411184
3356.4447082565284
3298.3432148374054
3465.2312142874994
3583.4409130363083
3540.832103099213
3298.152513751655
3379.4696732387424
3472.262254100677
3608.5955671571487
3557.2988492218096
3394.2872717215096
3693.1288413247476
3245.128058148746
3746.315602492251
3564.428849813719
3590.9250237719607
3520.5823379930857
3510.089755829134
3377.102533497197
3773.232629851098
3531.261753574569
3279.31043272495
3811.79976944554
3521.2780870226065
3205.8719091104235
3235.5988325750563
3560.0426458577995
3695.8341378208484
3854.1460615382607
3077.694835153014
3483.423386876691
3759.614964771302
3464.3669601651613
3216.200984408535
3541.840838333696
3769.8706947646297
3332.7420351417804
3197.1852353755417
3455.078179505265
3172.605458771657
3935.2690000452544
3867.857450165941
3753.6969169858667
3267.611858689006
3189.927675093777
3675.2901818816363
3739.690526784973
2881.9307034549506
3534.606045589749
3215.419947713224
3829.207493115274
3376.536653839487
3555.1714244642926
3106.972967150395
3474.7026711674002
3453.830457531607
3435.458688117967
3784.0177154601975
3609.8442755617593
3063.2110282240274
3190.849014666323
3653.649768502282
3203.461012658781
4070.1162383342307
3348.4362142955674
3854.2499882701295
3421.342035168416
3520.68309340091
3530.346797578351
3266.3024860211613
3013.088883284004
3676.6355361420538
3840.0003689279347
3690.098443474942
3636.2237078355424
3386.5249695738294
2799.949765058351
3942.3220744392343
3424.486700640459
3486.043458441469
3133.9824154594617
3126.870844992823
3487.8911826281897
3184.846968267334
3440.881753294895
3451.799349270427
3912.191293640383
3131.1592720514486
3236.331582387961
3449.4576103814775
3433.298704151222
3446.0285774322815
3179.3415236820397
3594.273095046726
3226.929222482834
3786.8474065737414
3228.8065663034135
3473.0513199896673
3457.653885638085
3124.0028145356173
3377.2394898429325
3299.9358121762793
3396.8712705482776
3115.0975961514473
3222.626346402452
3473.8549689131764
3234.2972268975686
3556.1837002227
3698.417670457921
3490.952911213621
3706.8454728841066
3601.706059477118
3349.0796211297043
3310.4025296501086
3731.2767216736465
3473.4712462220173
3573.931051658677
3237.4895564308
3283.7256036383837
3530.513034360155
3444.410355076299
3331.3449937787077
3437.696662239358
3529.163042623211
3468.125804900779
3539.637413005765
3464.394908343441
3507.2375066753893
3599.871978254909
3254.7973359025905
3221.024987612008
3287.7401577187943
3490.641192890827
3193.5421401074113
3564.5398468417784
3187.830073954473
3407.1223116226147
3214.343474697124
3080.5032035937206
4061.2964730396684
3012.395491945568
3291.015861648877
3443.3093322695295
3293.875106200607
2970.518989945944
3439.880234083516
3430.039902167065
3510.8620707467085
3780.715590975173
3644.435956364666
3080.31351453016
3043.881824733256
3614.1098093456344
3481.070952927162
3412.833203108021
3683.389565480077
3229.230876902412
3763.0986750224174
3713.2037972700705
2897.8841017962513
3381.5822558498135
3604.945234955255
3604.744269418468
3671.0663260794277
3391.1860699958793
3191.583161514106
3595.7708127055676
3439.693041651531
3447.6937001341907
3424.8003594150696
3481.0963418026554
3984.335975183262
3528.3968489835
3453.280806344501
3536.3579599441796
3552.0795916848065
3991.8221477150673
3471.2669575643504
3095.551256613427
3378.404270249069
3533.343216185469
3422.0375022320895
3393.802429797484
3273.2283656349614
3663.059883796621
3758.7805006554795
3352.175744626658
3520.8857644284785
3617.0076952816016
3088.1233196004873
3776.6070560543326
3466.529537787409
3603.0447166318568
3428.968569273839
3307.0142048736675
3660.413241190219
3029.835001902727
3267.520292711446
3638.2662738137283
3587.9431386104065
3710.684568262438
3661.1134100240993
3117.1237734925576
3426.232280152833
3458.8079810538516
3322.8605501502007
3712.303232602866
3774.313038375057
3141.9985090087775
3418.3954245319733
3652.854643488679
3527.914469245368
3655.720343087215
3174.449179305104
3581.097138979482
3726.594393570413
3675.4142632805974
3402.122799009336
3790.872901765217
3295.363850740645
3651.478423354389
3374.205997856075
3188.665472857087
3089.152210367625
3215.6514294873364
3306.7341553257747
3000.116291351785
3545.241686856158
3505.757381563071
3997.910873529396
3304.144263957128
3417.2127315712396
3326.578916688694
3167.4616437043014
3148.925633581726
3094.269736615133
4087.3977969498064
3658.031227796603
3292.625213137735
3921.285412141723
4012.2621511414472
3325.724458962313
3576.050664801907
3720.6220769669912
3344.723645442176
3239.6546713685507
3430.306231600916
3522.6695023990296
3686.399034710045
4236.531273548838
3674.7951648481867
3502.46628467445
3225.6174439639135
3859.3818308958776
3619.3214868862033
3308.347975636913
3805.0140929715194
3588.0404273199033
3942.886985309618
3118.634611933999
3187.796999052423
3342.242692574566
3691.59799761455
3560.6524775893863
3685.796471004288
3585.9141475265083
3454.0328957692604
3459.6082175525557
3173.9449520033018
3326.894580313597
3489.3046075978914
3793.2347609940425
3676.008814233907
3697.789827999356
3714.2310572829174
3426.538404883882
3521.6898466627413
3169.5260097417763
3115.7281075954893
3626.747304260851
2907.473352716434
3741.2840941737663
3182.949430491001
3587.990981814246
3450.856073395377
3209.3227092011225
3774.792822571116
3618.0325762363336
3593.549119186734
3699.1441388958115
3831.653136040894
3858.0840190126146
3566.0949788830953
3481.3145623844107
3525.0016930859906
3008.6298335368992
3669.7035413599924
3729.5650062065683
3615.195693032938
3547.19958909607
3527.4572526848647
3636.2573210939718
3387.674949416831
3126.092573088322
3165.383480435128
3573.957615320014
3421.8809831886924
3543.570512485135
3788.3591376232175
3630.172119207979
3636.318309361552
3103.9675113611343
3252.174236915214
3121.8327240666354
3150.671990374151
3359.7837191121143
3295.7554662515436
3515.714275437421
3396.772608365816
3040.8857872754934
3113.379560276642
3230.044739480914
3701.7559626864017
3371.1531417818132
3744.758597044431
3445.191850235885
3436.702418584213
3684.878243270126
3315.211280015035
3527.4345808502035
3178.034117314973
3325.5560307929786
3526.4777963584734
3427.541712336914
3326.164827336638
3759.017837393324
3577.975314705745
3503.6408553355927
3186.0068202922016
3279.509771267269
3529.039883291956
3521.3752228146845
3576.1460483917076
3297.686237451936
3226.461391041084
3421.8024162622623
3646.8901151337955
3443.376142533823
3467.177058403656
2881.0819472023213
3582.249140406691
3563.176017523024
3816.0640589806103
3980.2205475513742
3269.8055189840065
3551.4572447291985
3575.218028622022
3685.772223894357
3529.818792116093
3357.633717097746
3615.012596313113
3133.0930947658508
3625.3279689590577
3254.046240392392
3335.2030245049814
3499.423982014946
3197.99201256903
3374.6440871515188
3244.7005830716057
3517.3867600013823
3772.1302402902697
3392.270224436795
3476.570319519833
3510.398853766212
3466.9794909823445
3822.6066386737
3897.597490514869
3169.4445758310753
3679.2807603078595
3053.2528266905933
3125.888234769727
3249.6304888424906
3792.4061638367507
3494.501034139226
3164.044727231352
3361.6621730042193
3406.100724304855
3160.4268703919793
3101.814458248107
3661.8882512367904
3391.5048386422627
3294.3485467335636
3259.7713052181407
3368.746612240872
3103.6453357722053
3641.6550671852824
3592.162017892551
3504.834074341839
3390.103222258233
3146.6763391716045
3715.178200554174
3660.575087444007
3786.8930701036484
3602.347307059932
3782.4769338022224
3242.312483178793
2917.107603426882
3369.5385154991914
3756.2213404579466
3698.9253002214245
3584.6710846233345
3199.548169527227
3573.309003675436
3361.317316278512
3395.9530012959895
3339.5947064236966
3421.881410888805
3375.0342731712476
3400.5889053586543
3663.8428132577983
3927.503543988134
3847.098244510425
3163.641327116715
3376.2951022398242
3566.4425547678707
3849.5312988135943
3822.8466746824
3327.7471914837306
3641.668663211704
3593.694753506239
3547.7716023348003
3555.8902352719806
3741.81237504695
4013.7331985665346
3533.5046684879067
3095.9908849203134
3632.624218384279
3401.073493747325
3683.739353175834
3790.259779436768
3610.2261995149624
3055.982648828817
3291.9552545639067
3547.1426419345603
3333.2750984505255
3402.8311124469797
3661.697535039451
3249.7550588762924
3447.2767714907636
3495.8841388883047
3539.421355679812
2835.76174211962
3189.375209672074
3174.2004736329004
3486.227275736962
3174.9696011602896
3311.0693462958006
3150.0854523196613
3923.2582008839113
3398.6425271426965
3797.271549748855
3396.963343418724
3287.7349423087594
2959.4240196569745
3712.8935853192197
3512.370707526846
3825.2134923209946
3533.0495126803694
3112.983546660765
3364.4991194592476
3595.353775897692
3576.302900394707
3710.730032031343
3415.947780267134
3662.9986113168725
2990.8064734459763
3753.2520383896594
3418.0203323274973
3669.340281031747
3489.4186962744902
3243.3263590824176
3066.4927941036485
2960.256703344215
3455.292104341177
3147.8676687023776
3286.9669958924746
3761.427027338467
3225.52072916363
3250.6589607200017
3566.7448341415907
3405.054581294146
3513.082863017113
3590.6999950849854
3682.4999753982015
3266.0963427227034
3511.4634318587464
3900.007461815826
3522.620056526093
3706.110914238958
3180.3055788050683
3168.6465595845725
3273.818924545214
3577.850512466394
3426.7642426441803
3382.48379795636
3333.6465356328104
3661.274216745378
3416.1364715786
3808.2470510865587
3504.849126435892
3759.0581079420267
3200.772285329778
3337.040981310744
3201.2851121692465
3752.868137956986
3451.1120587569794
3116.533571419702
3196.7132074940664
3683.1298911640583
3465.9445750022487
3578.6930283635925
3353.1014058010664
3209.721520035077
3706.478320401566
3371.6848502856965
3436.430902437192
3622.5932819460386
3526.2120474082117
3529.294840740221
3198.153100363476
3542.792452182841
3281.0135054013067
3236.46463839943
3042.43317867383
3196.140378813231
3438.442320113603
3713.3298018588957
3336.54714181844
3597.6019757589684
3401.4391140176604
3289.3497623742787
3630.762294486867
3513.9753531335978
3168.882964368113
3169.0620842946732
3781.0296514227934
3803.459891647083
3324.967585742836
3202.472529083877
3402.5742645439354
3352.9715452943337
2987.1986553571473
3679.73871655249
3489.841096648968
3613.060387209698
3499.71282370714
3298.7918678114925
3556.4322126168536
3452.418996327931
3749.424747023515
3266.804868786938
3093.887319206107
3598.2311000100635
3625.9167370630357
3692.6451293448954
3179.743027478324
3128.487294038275
3498.9452015973034
3581.6075885302926
3429.8213998197466
3429.5829114495787
3808.825464946565
3514.3291981895636
3394.3658205764227
3287.032872023537
3655.790294597537
3181.809550279672
3910.373460864528
3616.376213606539
3386.7823811246967
3372.033756237638
3159.5809534464734
3008.667590708612
3238.3768141586634
3696.307331735423
3573.2213648676748
3609.1837571863202
3460.584444519832
3181.39796066244
3291.1132264301855
3186.1724578173958
3471.81484706155
3149.4075726444084
3317.921891892774
3282.830558948025
3602.555774610283
3177.9280799498492
3113.9073727924756
3822.5792911207914
3550.6142880778702
3537.4623366764663
3180.3244408966225
3279.6840806162218
3622.5117919250333
3338.2827159345557
3271.0724177169573
3542.7855021609535
3452.1339091449395
3456.722837998223
3572.4669508209863
3203.857937393954
3607.293682202584
3739.2477434355465
3450.8488579432296
3131.0126508508624
3681.4661220745124
3023.4427766783206
3302.6444332290835
3037.820571367843
3579.786646549554
3604.2584492559395
3236.691017222378
3361.069524793426
3683.227219225213
3112.454810837792
3719.5413741812768
3593.618138704898
3396.4341961080295
3721.65545962172
3653.821132584556
3398.376950768528
3421.4850208372286
3492.0562079266942
3310.522285609201
3267.608853955732
3613.31798162891
3551.4008872275244
3700.9816603038494
3457.130206589467
3451.8621150744516
3342.2982805371034
3302.7842779265707
3432.206458673795
3557.6058749019685
3895.4364714204244
3850.5815434863107
3593.9319568712417
3536.9838789058335
3350.3580702038057
3075.8109901877024
3540.600365658539
3276.5720501898754
3289.1018279018595
3262.117058958695
3355.6696873687824
3612.555476109948
3068.97968298886
3392.902367716872
3739.784840376671
3584.689428071723
2990.9184499184867
3895.161500747288
3711.566885179956
3180.1154009708857
3038.9632806301383
3856.0897103205157
3610.8877984792193
3483.9121193677997
3509.3479295671573
3077.581369308424
2995.2296615473265
3372.7717192217174
3385.3733319637468
3629.1357823829308
3209.8509808767412
3116.830486007023
3789.4685300090823
3108.364782766223
3382.6413568571766
3353.432357651473
3477.3991277457826
3142.117437750602
3312.180697985279
3222.22268918316
3493.6787260487667
3276.363685307026
3335.4477958068233
3632.4775736226907
3861.1322365554247
3482.2721241872864
3678.1815288396497
3593.222755917447
3343.1494589327817
3346.2856605799184
3320.645403447286
3686.7287498266273
3766.4418822200014
3511.743595787224
3101.2127873210775
3237.0115154371474
3298.7258068224382
3144.039501780919
3241.944034478818
3877.6039368914667
3130.807230593337
3413.1956294226566
3741.163594365236
3478.3322767432314
3375.3624336371445
3075.1507700091493
3274.9220992344003
3483.516631713135
3514.100212048534
3931.115755071704
3710.017641405865
3276.572077900442
3436.334164816432
3926.8367668454202
3038.4892895284675
3521.6322422067874
3629.7877611557983
3597.1991877335504
3546.5011962192248
3422.2036935884203
3360.5121342160583
3056.3634565163143
3343.0487467150665
3836.1794059801023
3495.502602101411
3401.9732961867176
3516.4247861942426
3100.320751337305
3722.33761965469
3149.2539248098815
3293.468729266231
3752.0055940958396
3882.8475169563676
3254.259507452039
2901.1859685456147
3485.31422747902
3465.8681198772592
3545.2116523291684
3286.070256253724
3036.5945098063385
3231.5890561753763
3437.3516194410427
3350.1690808428043
3313.485276016787
3569.408471421428
3412.998657352607
3083.035981903164
3299.1717082064993
3736.101256448889
3413.1019783096303
3425.27351268557
3530.5400525016844
3323.6328032127917
3140.4861342810436
3395.42514018498
3375.6827051732403
3187.565563361494
3890.145528635127
3253.5532333520655
3511.1804335558963
3364.943001536946
3199.105811761828
3395.0185328889834
3318.2260061292905
3487.254849541367
2896.8457775048114
3486.2940849610864
3459.0277471855684
3426.0149369037285
3299.49668864681
3343.4344137072744
3470.0017474223782
3885.5784863175236
3176.182094331027
3735.4695157919837
3493.6250207758617
3372.1738883471576
3093.2181731273954
3491.0128522188174
3692.4570261476624
3455.9139442284363
3088.5263107191863
3774.865847136933
3301.059931290671
3419.104409995655
3080.571444742421
3473.2441087749203
3074.6969728594204
3539.9561175310737
3895.172369361219
3523.555747963186
3505.2989232133746
3637.028790955332
3319.1936883431376
3491.88736320423
3666.7201459133526
3010.215162282202
3350.7064783916817
3639.31858821293
3258.6054920686515
3675.0066203144706
3552.882108164717
3418.791044332
3455.823378348789
3378.7218978125907
3413.852322804673
3169.794939151378
3753.434608976877
3047.0983970584502
3617.177666964064
3425.1186179214205
3418.4495863147663
3070.7824966503217
3476.747510755915
3432.462695070824
2989.5466031026417
2886.7215330655417
3333.6904468802227
3357.0406242360627
3575.969252653788
3487.2868584505854
3913.2208062178674
3590.671985531242
3708.046174251824
3714.0647799816056
3325.4583852915066
3445.519798697918
2801.3823843251935
3410.9340494297544
3773.58080746985
3802.181073622837
2735.9694899622973
3843.793251383355
3338.3828662915894
3399.1056033845857
3458.0636731003783
3393.064621587933
3427.34879150962
3497.2286010635285
3902.245028441162
3619.005166099804
3225.0484234116266
3266.4429236520623
3232.4943363508387
3345.039167313206
3689.302213949934
3607.8338320201433
3240.497532857616
3617.721668333457
3515.7369331511995
3075.722113018903
3692.7707630002096
3604.026432679605
3619.610247492125
3411.100124686131
3647.893642621718
3512.7532345151594
3593.7487655016826
3451.9399852925953
3127.290451210173
3360.7547797408056
3397.034474488754
3209.7065015321746
2869.7851601146904
3412.3447586751595
3344.504593169167
3400.203321967649
3746.720093475188
3469.1644440204464
3411.153206035792
3443.5429849048205
3168.9997511277616
3800.939948245907
3508.737122672403
3863.240629218601
3805.772520523466
3708.809946526481
3810.836319306435
3379.9352538964204
3413.7992795993664
3596.929606245216
3657.424220020967
3264.718331536776
3665.2790190923656
3397.3812592097634
3455.7127122272727
3810.5088212338883
3675.5320515833723
3527.2721991548337
3616.004052691609
3734.7207433455924
3770.4114523937783
3451.3131286949806
3120.2661028084053
3794.4070231707137
3825.604524550063
3497.2896746407127
3494.992321844502
3583.902361648287
3319.6708612278912
3393.3176575379493
2995.5759405546887
3795.9681081003923
3196.7005143715264
3465.9361609753755
3733.4180266673347
3424.0444977088814
3015.486330419254
3688.0024944250113
3459.7135656056803
3429.683141467506
3226.321931712578
3698.48830627462
3385.300022265546
3363.5928448237037
3731.0907495896176
3287.7892544473316
3847.4676437016965
3040.2595642349156
3477.3230760911774
3130.6751441201764
3121.1563689504305
3579.4950492331177
3418.0649192170304
3517.434345407635
3387.5994953822424
3346.9034632841363
3409.3175695990953
3415.8890955157167
3617.019131423151
3456.070211638565
3096.9733338095857
3655.561369659476
3554.784137943109
3175.707096913218
3452.299373757392
3523.4696659638616
3206.5552913430724
4155.748894474878
3446.893275476186
3528.727206136249
3289.9673893096656
3376.7990025138374
3512.6134981890477
3470.3030714030615
3935.53830401455
3652.407081355525
3489.783812808865
3407.343712413137
3553.796116179175
3467.0828570310987
3558.5317150764295
3556.42837401534
3283.70606634174
3202.5438591135608
3351.097642981015
3334.1692405235162
3415.387635756249
3584.041361695717
3512.814894405427
3389.8337483728856
3260.6289087539803
3584.549384254744
3615.048495588157
3743.5531513411606
3092.43495922988
3313.7068476272907
3304.5353430194623
3283.686086784219
3478.0342678548445
3543.7098864415175
3695.3492991277126
3335.1856752057543
3320.8706634344912
2834.422381991903
3682.498145885099
3489.3297373583605
3224.9440276560345
3286.705870807057
3347.9253909521276
3497.742909825191
3354.567632379591
3866.1935879587877
3303.364934092713
3645.258969983566
3482.1607242740024
3555.7020153360195
3593.098109590832
3113.418057881458
3198.8488021677085
3621.544050543147
3459.310716424406
3427.531993810346
3424.570988102836
3725.761227358752
3586.6092086867243
3501.6434672413893
3354.0943189769255
3755.265496895016
3397.4725867844527
3574.8746741786595
3722.281983820407
2953.079956489557
3420.4446490939295
3563.8139957830026
3545.5255327474842
3660.4849233294385
3568.2045929406936
3210.6448494380047
3636.4841492042324
3602.991705989973
3461.4632644819535
3199.5532480668103
3610.8368143322955
3919.9138910574225
3474.7256690701574
3539.4146096642094
3548.0107426539676
3478.834642274093
3633.443933034154
3315.8190887275114
3443.0110004190096
3407.5730052046174
3304.3653683785374
3379.5048148884684
3991.745962271884
3595.7165836610116
3787.5603489728956
3291.530783945998
3533.239293113832
3640.749636512159
3674.3983300497844
3833.3369229295818
3260.499281446909
3726.251449286824
3067.5052510971245
3018.4680284425017
3746.643522979494
3776.7243343100636
3877.602114388111
3234.5125658538714
3573.93552271474
3476.9444036558
3406.546478642092
3411.9555429174184
2879.62155812064
3536.6213725678776
3162.8140964988183
3474.2004852699697
3441.3958031699735
3522.7295146887113
3657.0992731416695
3400.996969846909
3236.5471543176113
3416.680744712623
3777.4916519329086
3440.1793670369048
3351.3421223040336
3708.1727824561967
3457.146198905341
3463.6235951426565
3318.0831242184154
3241.9769241304575
3288.0845434623793
3307.418394702789
3376.327765580828
3352.9894864963867
3722.3830967168674
3205.8114454254364
3404.5127866264343
3191.565867078932
3456.809738043213
3686.1771156203
3735.031905625891
3851.129609635956
3880.321254264361
2932.4718421530497
3333.1487180689173
3234.083964572937
3439.830978551071
3145.410208389704
3366.833893760632
3219.2303151451383
3552.992467616407
3179.3875596270505
3642.3681386598414
3449.00810297444
3437.404039867219
2764.0191765786544
3529.137783285513
3435.2711314848593
3500.815528447343
3596.459017342627
3708.564157874598
3720.4593805978484
3902.253499167994
4110.772257516811
3606.5062188936417
3820.724164127654
3692.8019289966746
3591.9434099188347
3276.551497232948
3157.7665590730817
3000.441034327781
3016.5731480185473
3132.8308430775505
3420.423016808676
3462.8542562605194
3488.173667130862
3107.047227378439
3502.2076354500578
3345.3866130521283
3082.2722632384734
3539.468806981152
3543.233742675339
3329.3148150398233
3729.713994502026
3341.8262146902753
3306.962716579483
3151.710021286702
3420.729549279414
3193.323656516884
3574.4137581993496
3335.3488377680706
3440.553244059358
3339.6981621550376
3629.9697083819833
3189.2709557565336
3052.4030797664395
3419.5910154757016
3253.2647185545115
3420.4434471091386
3507.9579455020607
3301.851071266262
3494.54861368035
3479.830230083549
3247.1357413672563
3399.5366170901802
3359.6204284585315
3128.721677708672
3636.01782518637
4101.617636448752
3508.0309309056297
3244.3206568519245
3630.25545325168
2877.9188600203574
3635.7710286579913
3181.314535190859
3520.6547495529235
3626.3787670547968
3390.310905317338
3141.192215258766
3798.105329993712
3609.4983953624283
3853.782432006407
3250.651697489618
3632.6380077438976
3680.7640273456527
3216.422065773454
3413.607108950675
3188.943221219721
3823.45520831112
3722.3867810568536
3199.786997113507
3456.1551028774334
3055.282528807475
3020.0716365347903
3516.5210601781264
3376.490988537285
3187.6748029497494
3543.3427402610682
3467.576218219284
3796.4360917938475
3317.1134272492313
3477.849053282975
3845.7288821388893
3588.614007672459
3725.956005276421
3774.728378910688
3410.425158631621
3317.123493767936
3277.3470063700515
3153.4197706970695
2819.6323882870756
3534.3210990332423
3332.4008648945846
3458.7380374324252
3749.423096715959
3477.0552901097785
3791.546186019133
3534.9205951838426
3479.381142608571
3606.814349749339
3306.2057773873166
3237.086032805221
3440.7777780752544
3501.503520793046
3744.460224965183
3837.3012058648496
3394.3095082133673
3141.0857977782084
3470.4518201251635
3684.2592176905555
3367.1707539732256
3358.2719262665173
3673.265608672377
3610.256913969947
3562.2368152433423
3446.1636871760516
3697.478563108204
3550.099234028991
3050.8890051138665
3355.306589613955
3772.3421144897625
3056.7316001768218
3459.8992709252966
3715.744050376954
3333.0429071284993
3511.9687113751324
3082.4461048015637
3195.2102330408893
3430.2747042096357
3488.3181530292104
3476.5010995511866
3655.65609313354
3179.212007522092
3286.6058563126685
3145.918614853224
3187.583083800586
3445.946670975795
3286.7617813814554
3443.4956026735213
3658.7675424376603
3224.9432949733637
3787.113777062927
3341.3167991800033
3281.9927355531163
3547.204439469857
3733.701049968374
3423.3788656091706
3423.412842374813
3333.9983622250656
3335.747169409191
3487.2787583158324
3654.6967578125887
3528.8944514551654
3394.7077265348835
3955.6841184572654
3474.4966230925224
3203.0327309814106
3743.671492739214
3625.021940127359
3157.091062216259
3327.1710242604518
3246.1199583364187
3850.673227305621
3435.5625243114077
3616.69346213387
3638.360427111058
3275.84346976502
3621.693704095945
3181.756231462943
3234.1839043781865
3202.0920243295704
3366.965834820027
3569.8593019431187
3351.049942540875
3311.751118972025
3477.1633681001426
3134.126515355278
3704.8431874582625
3560.4402889610615
3807.838080895487
3676.0684330869913
3463.898753001205
3649.535636087973
3537.5077203139667
3654.883212998337
3426.965665118361
3512.2913887599493
3322.4357513653995
3434.388514032023
3624.6006881263725
3563.4836096874146
3389.0939302895376
3685.168664364769
3190.3423323893285
3443.5067080004806
3263.4409132249116
3046.9586653348056
3839.8740785540535
3549.2419906490527
3582.897710791278
3475.67099983477
2749.4549946822326
3192.0333796036625
3430.8640807854604
3579.771957161646
3299.1708834513297
3529.3809611856454
2985.6802192463733
3143.6860929244417
3245.1733775269886
3662.2213352119993
3441.401859620972
3205.002083972558
3704.1500101290635
3083.8129083284302
4065.755040727832
3263.947796262344
3676.876227710774
3345.4094057750995
3200.0231373802458
3240.1525972878812
3383.247232007678
3406.0366193187388
3607.323137202431
3604.013523225915
3310.175064148636
3474.2275863228515
3648.9571689098925
3637.62888393716
3338.3917752800717
3008.3282775680314
3436.147837973407
3440.912186151998
2960.0394665494427
3591.721932106888
3239.472407440719
3326.71906949109
3384.136474799031
3239.2849335764395
3693.0519786249165
3672.47782774626
3381.0161177487525
3248.478117497217
3024.4855605565967
3447.097996641802
3631.319779759378
3319.316860384923
3456.561770501206
3614.4924659713215
3613.417061153161
3500.3114827230133
3720.6131821334798
3665.5667880436768
3596.235985913266
3177.707528200219
3299.6024359669677
3752.5660183506407
3474.5888701520144
3298.8328780653997
3575.3026564946654
3088.282134902111
3348.216286622898
3304.2097773917217
3670.867549370842
3412.255079725063
3313.1063782083065
3458.994157717103
3081.1585494902133
3193.627601426218
3605.5924119993133
3789.459450033231
3391.3880579060747
3508.3814705872287
3304.2162201918945
3338.543980742998
3344.35896052406
3666.2157528669923
3419.4366054467764
3420.5524010997538
3014.296659129882
3193.478095381252
3002.9152579222405
3833.1875532176514
3942.4301250557583
3704.2114839771034
3422.57592727977
3042.456833149061
3262.684231060285
3584.158591320863
3742.211492761468
3523.9100833679045
3163.2240759534934
3603.89984753773
3312.7091644787283
3643.7529889249663
3415.729455332996
3247.316700310428
3634.9997280512753
3134.88879341136
3568.2311032671096
3001.648288983158
3121.6066332846417
3311.5945229026997
3246.17171838877
3721.5950400472125
3376.799488054063
3687.7544929676455
3573.846784896969
3261.8925446426224
3332.0184063552124
3216.597401590479
3494.5087076697278
3633.1687403506853
3905.9472124077515
3229.81642893503
3248.5049565101335
3301.8545154831804
3527.6233851814154
3401.527192542728
3261.6068657311557
3559.4699012711353
3453.7919140899244
3534.515203639903
3514.7066277979325
3424.766504466124
3672.638206800611
3602.8324617214216
3118.134158169885
3399.968578817999
3682.082947868186
3398.4488131163603
3704.7246441967754
3520.925180004045
3636.6651512751073
3579.9528264464025
3304.6899535769967
3578.263061910711
3203.8820453190783
3492.390285967442
3923.8785587218676
3357.221111774441
3797.6975382149285
3414.915757789447
3504.17483731957
3582.4754587272632
3628.8470924709027
3157.6547134536063
3590.647383324101
3395.328559851544
3314.5906370590383
3661.720421084003
3363.222938434827
3545.936068428439
3302.581253505834
3718.542741466429
3307.802261427877
2884.667822412521
3489.6062390054494
3144.4296974020194
3616.4862315676833
3585.2961755922574
3580.7602496049362
3526.328986824395
3710.2256504711345
3361.2557402734974
3709.044122872546
3705.698384693546
3494.765975049507
3437.754378162635
3442.500238774321
3472.1216868504193
3235.9337342505924
3180.6200802828744
3408.925788846691
3505.098571394025
3608.4894453009597
3341.2839334389073
3563.938936737881
3530.246819595515
3221.3532776201396
3974.098579541753
3453.6170836823553
3652.8288850628714
3233.4582972474504
3049.1429715727695
3762.4151539601644
3943.1950354515343
3448.425300141536
3608.206312403086
3270.9585919816145
3492.6792902102425
3317.6572624887954
3599.5936409953406
3752.7858803002478
3598.505622205394
3763.72853132859
3651.332784948209
3287.8847368017728
3317.531905262818
3164.869044973691
3238.7918962322533
3541.8899483297578
3503.212062318529
3538.68093475661
3502.8700467088547
3273.3799898826314
3698.0160339486333
3458.043461072602
3269.010233670321
3695.177468514391
3382.141942097596
3585.505010316297
3457.702599796991
3501.3427318128756
3639.9099609042364
3123.309727803291
3322.5323137218256
3388.6214557049475
3558.2949974133403
3734.632391763513
3837.0506297366137
3718.6355844187146
3089.792534286537
3379.1012032621024
3248.3542931883617
3341.329174392637
3404.4800541418454
3333.8901726846657
3697.409504731056
3078.2196365705886
3420.5589777653977
3590.056367617955
3738.710159201481
3200.0972584714204
3418.4447648225946
3243.071166997597
3823.90913085104
3489.629756070892
2771.1984384232755
3089.6385092220726
3442.796948762837
3506.0908901932353
3596.3013504413198
3426.6147974074725
3414.196994542333
2858.635272398812
3630.1843066749484
3893.798791018681
3477.6794786709747
3019.239992281554
3349.8244123342347
3460.4240414965216
3710.2748597832856
3595.966050553915
3648.962218985948
3526.0365137012564
3771.591097877969
3277.0873224642373
3355.9316162253335
3435.0582300106416
3309.6600081903343
3286.8813037635005
3236.9984602579093
3431.1348267080643
3163.428824074282
3068.2244411527795
3344.893269949354
3342.5399292424527
3714.8263852729447
3439.6396521807033
3500.2595823647894
3138.8337339760196
3841.138870805074
3303.437764340793
3585.1907312448816
3125.8292759048454
2881.7410598059532
3569.0023553685055
3356.2825259289475
2891.3499420231356
3179.8497969806826
3046.933131737395
3473.7698172004407
3117.3641857278444
3313.1783770515112
3314.0640047899146
3654.988994592043
3536.00559831903
3566.1210471028894
3338.315785343546
3758.142450298301
3453.1779311449404
3340.127074648834
3793.2781010759904
3530.852366693759
3329.9541937511653
3343.3542769534347
3431.100671349615
3343.460015697592
3335.984769799656
3579.5710228589855
3516.461521578156
3584.37581090354
3498.2742188835114
3222.552610714131
3571.1657265863682
3416.7227181548874
3551.2055152413473
3143.793521239791
3172.6132279918484
3281.5773523547073
3460.9431601873634
3353.2300808444634
3199.412350578305
3175.0188853344716
3363.6501050225665
3102.3875984024494
3299.045124905105
3021.9259092172983
3384.7147105582894
3101.3738737472886
3353.158685253187
3727.8512711781896
3142.6167766558656
2989.7744664314455
2938.9298359532154
3041.696764766735
3110.2160567905134
3136.83422568343
3283.823386601341
3585.7471230581145
3366.1243532730236
3648.3551471212504
3109.7439123653044
3791.3531881591443
3315.050729742161
3144.4478583667606
3460.8313057785663
3476.590832571938
3690.0876035557653
3436.2840777938254
3315.865324162291
3406.966192791174
3227.439112322113
3269.1679374670193
3512.5516447079267
3989.645454823895
3209.6431152621235
3513.34970512139
3583.9480767920872
3376.3015193072856
3630.8199543472238
3412.0619892901873
3719.1840010430155
3765.686737567393
3715.1968876006963
4014.2961238191383
3552.883130735345
3636.8301172374513
3374.932314179165
3172.4940801270745
3553.6252126653694
3466.2461292666017
3235.002613765019
3567.0620782296705
3468.33829700058
3471.333600824097
4148.677394376588
3411.5633161742867
3173.6501263625582
3150.1510094761115
3702.5840998103563
3638.1712506533377
3296.628483041933
3787.5120484302065
3472.8155904021237
2985.235922997355
3407.253756729537
3480.158074877288
3471.890378174318
3246.239830959079
3333.039432823772
3543.022940013026
3272.9831073231326
3731.9648981241
3468.5994454187553
3497.562674715421
3526.655746887015
3083.3588038251282
3392.8594989742705
3530.7953406536562
3556.2153329842586
3659.3119050303103
3538.9435889608876
3359.6378623210544
3257.3222912724
3342.353006958346
3468.398978976173
3240.734834839746
3917.1801831539165
3634.6513111973904
3666.302609783113
3257.6056918258723
3760.4359514373564
3374.5006537419963
3227.96982521226
3140.706020838464
3589.711129141514
3262.448643003661
3566.1904461021845
3534.0640096804227
3733.7239340346255
3464.3704760980477
3365.676206573374
3396.225183397079
3118.3467608366072
3766.1552833315936
3341.7965676253552
3838.749845986265
3736.0597788671234
3782.360072167521
3540.4567098511843
3004.413925816439
3305.0524898148574
3211.964897550702
3561.717438192658
3407.698567302929
3758.1949664582557
3303.8948896014967
3149.685638671925
3399.143898675004
3000.245815983712
3434.1889800020595
3562.1654059279927
3270.261473860638
3456.2487465726176
3071.2125023228614
3619.4988867776983
3118.576490462247
3348.136155374469
3449.0835996265764
3250.737040039813
3476.7400667968777
3007.4829992346363
3448.167516069461
3146.7037460418455
3313.266589464907
3207.7049295428346
3350.3658981456606
3589.2184333965006
3324.017764446138
2894.796948618936
3353.986030120175
3565.4325333554502
3624.9305855420575
3292.998332520997
3888.201194107674
3530.8588297356646
3787.465392936046
3341.327578974607
3518.498779816556
3262.3588334543515
3548.569616491151
3432.963974364874
3462.091321627243
3252.659306983339
3571.3917711714716
3749.4223583167363
3557.8047429118947
3782.999100052785
3423.5874704341427
3518.0929725501264
3318.374931632626
3413.4409452735813
3642.1051938886603
2966.678076902493
3540.6895625151433
3488.3916347547365
3569.9684223160525
3254.2459648610634
3232.341301768321
3243.5901753963894
3248.2979501401865
3889.049790280063
3267.2294401651493
3173.7130036765157
3099.594294111745
3630.34437684403
3631.84325462619
3077.937880264131
3824.0399405758294
3225.713574419373
3361.8361040022996
3608.4824116875607
3443.7537051811146
3341.6196573240773
3269.3952085673327
3113.374865562712
3515.1136839824526
3364.6493009144733
3282.1704299678913
3633.4418628601056
3375.5131928534142
3628.5856483818593
3192.9584315091784
3248.2588137176604
3527.9013588762386
3596.266032268863
3719.0040128846163
3467.422288129126
3148.4929981764094
3745.749726098517
3715.31713659597
3512.1087417932467
3294.7824033087068
3674.719250620517
3182.84196215204
3422.055817053341
3517.3180304013513
2965.9013671446064
3256.174994496322
3584.409042741489
3223.6652316448567
3479.612225904532
3270.3075337484865
3326.9699277008363
3170.0555602836125
3354.500894084959
3393.493691796189
3245.7922812348534
3257.4146266676935
3395.462478762355
3236.246598268385
3609.9317998700685
3146.354898448935
3999.815841454375
3192.8892535135797
3670.361837570629
3905.47701242139
3228.281399962324
3600.41506724532
3701.6322944649824
3593.168065399014
3466.1182982532946
3318.7439612618573
2950.9662528911877
3654.456119391151
3255.51775341883
3265.1296843952478
3337.0148902837605
3030.6627812861193
3513.8324009494895
3467.4057382740384
3263.9870357861073
3334.3769696392646
3128.2429444125523
3552.6211425386205
3514.9001708179762
3334.7732077115998
3484.037357623188
3299.284672203015
3547.3939131722564
3577.284695379524
3474.517841694856
3455.6973798384665
3588.190541584777
3295.143337405749
3119.9557313985138
3301.936544472611
3614.700600286729
3506.9978174226385
3354.908695235304
3203.2929227974905
3643.9025091999015
3657.6104485395094
3631.3647980223263
3599.6377886961814
3202.3264715806695
3557.078674087053
3349.9113736968325
3220.187939497309
3585.7845582903437
3707.039372975444
3541.478805337975
3723.9066634657443
3593.200210735429
3242.7986165214857
3591.4927619532477
3689.9648977678403
3259.4166048220873
3540.4995857685185
3577.5115855905947
3544.227712105121
3121.940458413909
3682.90529522729
3324.1354652692553
3559.5903106100914
3394.4685280023
3375.7700499155853
3402.97450524276
3386.688157303452
3662.7823451753293
3390.825148895963
2976.96240697516
3643.782411886624
3303.202522940046
3223.47193501887
3843.506901487373
3744.582378262588
3578.2638290905047
3798.294520873825
3791.7770037639048
3783.701937918731
3226.7713085165087
3415.2624271215677
3602.732094591906
3587.155866999311
3199.7237583177575
3658.8493266275623
3189.1964646041797
3569.5788443150736
3582.7305686952795
3954.576499166857
3185.2396673776634
3531.784059806733
3294.1637091136226
3193.579662837755
3116.8895720437094
3794.7744596048
3666.4753580165093
3167.7593647483905
3360.4732815978728
3374.116014717198
3625.8454201000136
3116.6451651216353
3525.8420184125484
3599.6395197630472
3333.0009579749667
3282.834768265557
3289.4865322153555
3588.936075485484
3354.8383240523913
3523.9183092445687
3334.168537642118
3494.1014994330562
3574.3142427250323
3611.6020418541307
3458.355672114516
3405.7513354179387
2921.307107912975
3357.130079150402
3452.0126389047873
3469.790215171725
3646.324036886805
3268.531627763346
3546.2264854312225
3327.3640964319143
3658.514001666158
3343.2599691557884
3279.4201991382133
3878.805263881631
2710.838574484392
3234.879138221107
3263.7672285947947
3108.870245561985
3043.4920999741385
3681.034731536925
3584.6061118938464
3528.9305732205935
3415.225592886239
4115.330839803138
3231.9374133558517
3828.9036019609766
3090.3901437537165
3274.0624884488825
2957.884591448942
3155.145345964758
3181.812927767588
3500.596190660015
3704.5774479955976
3334.7827956380393
3524.9711364860195
3849.4063597250547
3369.6094851159605
3129.4979322661684
3619.7242318439053
3383.948854476866
3305.856451657329
3247.1791890274953
3854.0853816720337
3521.196542383449
3432.2036387069707
3555.4474589501274
3258.9020271281215
3253.721031540941
3222.789088834822
3466.2390003940563
3193.282976079685
3243.0261429089837
4056.5344077592094
3186.7267685608253
3323.3553377309686
3200.9746624506934
3614.7591235995037
3460.8046728455456
3684.1720137362327
3231.6598837875354
3694.9865921809155
3268.791481188405
3687.808544009423
3502.904074675964
3376.0790906863813
2972.082696233283
3288.6718850303755
3456.154769950642
3586.5149707591945
3664.8947798249033
3514.04748242753
3557.740951819864
3682.887238561166
3557.12661824644
3706.5613035946853
3825.4444780700446
3917.630223562026
3730.852826548823
3806.316968819132
3509.9071608762147
3371.8555995102447
3874.6751664728213
3358.14161593362
3634.6598786260365
3500.457257051613
3377.3792565015815
3330.3012472225614
3578.8466915711356
4027.098320373334
3534.7917755279313
3317.127321223593
3619.094754183751
3537.073262969848
3326.072176328988
3383.127564158604
3517.6238944978736
3747.070523296568
3333.2589043167536
3739.122156495136
3386.8751034640063
3161.0575014994283
3486.6708256032707
3261.5591853493347
3159.7174889851726
3222.117663704357
3614.6890493103015
3355.8591088994312
3176.799997228438
3757.1801363169448
3744.3724495729543
3645.6336205323632
3481.3802575124896
3420.254887943006
3312.0908386610477
3393.1602295080843
3405.79817838473
3443.856558795868
3597.759209128243
3269.004821158029
3516.0729960363315
3496.8411113183142
3398.3904797988257
3377.2458141018174
3647.0920530688236
3572.4173447270327
3044.2316378169194
3116.7000519175485
3566.014403114878
3452.473802990448
3107.144609074902
3718.8266846594634
3371.988037751836
3224.1315504800964
3675.414617268107
3426.0651587389907
3518.3512019587747
3709.6131236214355
3117.5457323720248
3572.9249904573867
3122.7414916161856
3346.44770632454
3164.168018570573
3872.4010319049025
3916.0747213831824
3198.743705715291
3164.244001851829
3608.5000310630294
3410.22968423084
3541.0774473691813
3083.160241606376
3689.8918375000485
3599.1646684179545
3306.6393374417353
3568.0937159081755
3481.920829664899
3619.160313230672
3300.5824104635763
3234.8637142575762
3436.1613780705693
2590.9822566422963
3835.1838332812363
3115.7252056818534
3844.7625958374733
3741.067405895252
3670.8577669272186
3430.881028524854
3386.5960593021405
3210.0855330929685
3807.4899072405983
3407.418306623795
3369.95506741005
3752.3540391431748
3454.246238938461
3233.436499267128
3162.8530122057095
3312.377248916109
3316.4758105070987
3561.925091190478
3592.000472386319
3270.1068374182964
3702.2141460599173
3535.038216331564
3496.3634569454584
3278.9154938445913
3134.036021501134
3334.8854410435497
3453.4340612613346
3320.6324464029362
2948.861177744949
3666.9441315803656
3570.66982419768
3409.585694925354
3329.3206055731107
3541.8477280651273
3527.440943391812
3692.407443025473
3586.350690891228
3876.064357158296
3163.846745873501
3691.4004883394123
2923.6705100024587
3303.419639313795
3182.826217564808
3251.331061248367
3631.1511390794817
3269.70689413608
3946.173838224943
3325.0369244995018
3498.911332615708
3372.1829973943636
3461.465422535194
3531.7414502218217
3297.180809177002
3661.6334216519767
3219.8222406323043
3077.8171420240205
3157.9912614400323
3756.525391622229
3390.2823486209477
3727.5929359053052
3456.3812984292917
3088.793287123461
3343.975426392914
3892.534649226791
3426.1178837856123
3120.322094532783
3891.9681815426898
3361.215975887972
3598.4745441495033
3515.3839237201664
3393.2464990876942
3445.5516002227346
3457.719069447592
3595.446328792144
3249.386755236335
3298.37796258834
3624.221251556234
3588.3711968125967
3420.3207452961356
3297.426310317256
3272.628106477288
3400.0027734324044
3596.6549502891808
3433.986922661516
3653.5398909633545
3242.8674816946896
3290.86752687708
3505.8658929823177
3634.5374713942924
3472.736171976192
3375.543791305239
3358.2016549161995
3847.4115288605026
3250.574809180918
3466.1507298188803
3261.460579375498
3630.0177476739404
3175.66676834272
3276.243372973769
3902.612468006939
3264.1950085456865
3687.6468154836602
2794.566076060544
3688.839323643891
3910.289787610593
3563.7129108108525
3502.205805227065
3228.178374371632
3524.528392824357
3356.627179690942
3509.1062193636044
3552.442684301901
3275.905090463792
3415.780054532762
3559.777788602743
3434.5833301956723
3587.2049263041986
3573.5664158584864
3188.0393630761787
3566.5981910258142
3836.7775208946314
3214.1090395492947
3465.873684857594
3547.224777830827
3185.4505879742946
3278.5737226705255
3687.7230108968783
3516.5737286376984
3413.3560923626674
2980.828785479712
3552.0000586731912
3369.594544731652
3731.0763585784052
3517.8777283416152
3301.8529601545038
3502.871050926515
3370.851467300604
3427.1644991482303
3281.321678058325
3593.129403818824
3329.0245971469585
3203.207078839063
3318.560161782674
3436.189640420988
3684.520350717019
3377.393659562816
3043.5123496929696
3268.476121686608
3222.032435273048
3528.6696152317604
3344.0644314525175
3349.145290118957
3177.924552832123
3359.1868945469614
2915.9578226243216
3636.0998010382905
3167.4443485750617
3443.5092294658157
3425.20008701137
3545.948367765405
3580.0640519275626
3400.471515243024
3031.467684112181
3154.7831593180417
3267.5190415840193
3088.8850212740554
3458.361476722411
3342.9602886566054
3830.915994726862
3435.982995017233
3757.9468211346725
3498.751607619321
3440.2586738869513
3711.2076232884833
3497.214105573677
3678.6676015543453
3355.363388895428
3169.299795211599
3253.822654696846
3707.987672837053
3384.817717039253
3779.1581927744405
3613.7760901980246
3621.324833649209
3496.4550875725663
3395.8819543602726
3408.377265451783
3476.600203668008
3335.6972290376293
3645.3569449026963
3405.4234265887353
3272.542289415885
3373.1441951668558
3312.685549178716
3544.9965968943584
3481.2613472183693
3393.2465416936366
3577.3073169822565
3413.2032933337987
2819.130072202947
3372.849470051995
3494.2573101090243
3438.6781646614345
3647.1140173374
3970.062315838333
3307.374035867942
3440.652457446307
3254.346209754895
3338.366009260854
3326.5765880984272
4159.851739603454
3116.5746896885626
3695.1391588957554
3425.7221052529167
4112.677793926937
3580.568472310454
3506.257191693909
3162.519773887843
3508.8694186598213
3441.272840050499
3335.4164513088
3404.5563403801643
3486.2684628047623
3614.51394002405
3172.39890338409
3132.855696592453
3486.7583081082416
3709.483909772591
2960.615599646045
3690.4268585116392
3287.727898692455
3709.0980198329553
3498.1028713719575
3285.4101973542492
3456.029544893147
3259.277722856545
2973.6555445014205
3461.836289432813
3814.4644880527
3797.07544181304
3138.4210227343588
2961.5474826135983
3528.312770181506
2927.67887952704
3061.217041641481
2925.253149650184
3644.3068353506674
3631.5999480127894
2986.846042554787
3691.6583037210657
3783.0612773827697
3169.4144919757045
3301.706530545753
3558.0537345046228
3702.8991579344947
3667.0453353491116
2782.0792248152316
3471.812335415784
3540.655655901208
3395.6626687930925
3295.388700386022
3318.126344434822
3401.4653606435186
3667.171088874385
3187.9649455613917
3479.3167617607714
3193.0931860856635
3424.546155494205
3409.42992833598
3842.658921978708
3089.4931193721036
3298.163247915909
3581.0321861123743
3445.470500822606
3687.3414908165005
3880.2936305366056
3169.5450422666163
3137.7326830872944
3521.539366768795
3553.8917866784846
3209.065134715813
3321.538869210389
3373.176983683018
3621.9706780113174
3592.571573158589
3122.145080312183
3378.7849684352436
3481.6680848209376
3584.0036890399983
3132.341348502792
3427.6643691399327
3214.345770220569
3206.4775088270358
3432.53707839878
3920.0733316389337
3297.133425486168
3688.1733065758804
3249.3749046539147
3503.3513699650834
3469.413858379519
3108.5098103963624
3777.9011252554383
3191.5056702248044
3391.7445334115528
3453.6148413479414
3475.1917177469795
3561.434527025261
3313.7476745595613
3673.4915674319645
2912.69183814445
3285.699233567523
3039.0434204886647
2748.6144917808274
3422.839413263428
3324.137542764712
3320.808842144105
3361.738356533112
3321.620595481749
2942.5117158383237
3482.178467298506
3440.558333998319
3181.226016761935
3386.5325388738347
3351.6364937188105
3070.154509143249
3618.867348998501
3456.8004227034066
3241.9617540652157
3191.2631866272327
3168.179227974002
3456.5701699326914
3772.9519708008534
3305.3316637559965
3897.4467473607574
3029.951374280931
3326.6874798836748
3400.6848337859687
3414.6636507304647
3021.7559221084334
3277.3399971620356
3608.6468039882398
3449.722454983627
3351.1328368650898
3630.0262968298116
3508.487885110695
3210.6247438540254
3185.12431153311
3806.7830489449184
3574.5727598343706
3399.7187072072115
3246.8236816394196
3582.198055779089
3343.429099126786
3176.4678246639164
3287.139412389212
3510.152100376114
3452.164526144739
3179.826431806024
3690.9581457286467
3220.290723344078
3490.8843415852607
3364.7319612622255
3103.28733031762
3703.5999514301457
3635.393168898853
3215.3301682792253
3502.4164994591697
3179.625316099195
3262.737838740078
3678.3940558939894
3684.1589930259584
3402.499930383828
3093.9754762511657
3267.9910170118374
3206.5326365761607
3459.0017470028733
3327.0074487902907
3485.903048135055
3216.915955559965
3736.060959240913
3341.4260143189094
3263.477351551445
3258.2884569103207
3353.8253313558293
3294.6129679811174
3404.8015116604543
3245.7738632130945
3102.5123424470416
3558.797548429567
3207.8053967709952
3324.912033513833
2989.590350750673
3675.436713795762
3670.048166893503
3814.731217705503
3562.185034025791
3628.085466847728
3066.2035731299616
3405.97137338974
2699.351476475216
3497.168457784716
3880.945474033024
3466.0937757477022
3738.847622638821
3377.406794612623
3263.704784686218
3282.712222100104
3476.7212251153583
3536.582681149727
3660.157744423223
3628.4209755806155
3273.3393340844605
3359.817126545418
3318.729946669018
3492.52878157695
3411.750211611074
3582.5758194585665
3766.4952320847797
3696.987638745101
2975.919595766852
3394.6775979877148
3429.955445875187
3405.7162234508946
3527.1053761697867
3479.568301994188
3681.4699794628423
3199.71123080434
3491.4232499598766
3047.875098680777
3426.4092691104806
3718.8080672482442
3311.0643838089363
3393.7924267173125
3212.9329962298757
3244.842268602986
3683.4033460131213
3408.6678105364826
3569.2767785257433
3293.0079712765023
3508.785871563926
3324.5882398178683
3072.4261371278544
3266.0325635852023
3472.047672522714
3275.1208287548316
3522.8740694338217
3001.251800225089
3583.7570000644996
3434.1015802333945
3478.404577824262
3603.6545346510725
3387.5081565657715
3643.7518237861077
3459.102239009965
3600.2421259505077
3673.7155276569433
2740.6172626810526
3547.370645390308
3488.5549831295916
3623.6097725168015
3196.390606370793
3483.850814813841
3788.132926091168
3368.4009632172674
3598.7319606978795
3420.9328052782416
3126.007542312346
3547.7636537600642
2743.8577381564523
3539.2756548435655
3527.363376461922
3689.5358585831696
3433.460595930605
3526.704531824204
3262.509217959812
3492.410396793047
3294.2897562517214
3225.2922354909765
3337.2673199629426
3374.225267078366
3325.145721984622
3182.951665357334
3448.2665091132562
3670.167790454387
3396.1571536147912
3419.89744163535
3114.2413296673817
3268.1060019407355
3242.823667105101
3438.1940858811677
3447.854303740844
3324.6472421502754
3567.953868417439
3731.913556109285
3349.782129496071
3349.689045717157
3079.3408951188226
3656.2293262059543
3709.1900126110727
3262.008438804911
3299.46976110229
3577.9955548146795
3345.2842230582323
3354.9279164462832
3370.983298137216
3493.5032362214447
3626.709928188302
3551.2594975326956
3054.1736361443723
3529.165450934047
3586.7620621987653
3557.782622623346
3524.560010495434
3553.7348817971133
3714.9424226836313
3240.1517735536536
3376.359350182544
3104.7069054361195
3311.116191437111
3396.45767893523
3541.446760443692
3263.287836750314
3623.8817014396977
3601.2644956074632
3624.0255972607347
3386.075915278248
3791.1258519800467
3147.2117797846113
3547.8283778313316
3574.1433266057074
2915.23746421011
3468.2667174317044
3599.7039531599107
3296.297403795942
3846.844580691496
3539.18129923478
3569.7357051009258
3187.511473706863
3739.8349867910824
3519.7479992306817
3289.630679885617
3309.6059904258004
3281.223865254269
3437.70156168529
3457.4708091294897
3769.7824214646676
3020.3192034618774
3691.136304602801
3302.978526504119
3517.295475138787
3370.6841872927857
3468.785369419343
3326.3070199177682
3481.1409911742635
2985.7878500891748
3216.2311676208406
3297.9766514568278
3130.7539799535266
3411.3559854410596
3863.052753487761
3396.70370557409
3386.333236756575
3555.577916241776
3324.1624620477464
3142.7063834216747
3611.49894795311
3551.9576558209064
3429.7131413460206
3776.326784724885
3087.0487430655216
3628.251957584974
3566.33855323368
3199.447879140821
3355.82071153971
3422.871856368923
3112.3727379508655
3581.855543384595
3725.422782335176
2987.97860723556
3513.6456090340557
3335.938973070823
3719.1013557767446
3950.813516157685
3170.947165455095
3494.788833971359
3394.7515181359468
3228.5604505408196
3513.8223506730415
3401.515902686998
3551.1436001029547
3145.123545609574
3737.2883721643407
3161.9424716578756
3652.007951965856
3590.147700292167
3568.3325940518826
3367.0413819256532
3234.1154554651603
3434.972765031639
3593.820265587988
3439.729117284922
3944.575240711713
3307.584065692967
3081.1892013796705
3828.2448943737613
3131.122521604522
3493.9076633825334
2989.988977815663
3526.2914376985427
3195.8901147678566
3247.1125117088386
3335.8056018789416
3565.656375111853
3500.494113373327
3287.2173532648208
3379.0898624104507
3517.034579318343
2944.087136417774
3381.784526601065
4052.723173075509
3364.132598584265
3581.80174205557
3260.5551416403227
3518.6706819027313
3491.603155443304
2830.375877128499
3374.500691967359
3319.1763820977553
3683.32433403946
3699.6111427343235
3549.995348755349
3667.6797838095085
3831.62748709199
3535.323446591649
3551.7380438641835
3011.83513568402
3291.774989315674
3440.5714665356068
3316.575714020701
3524.563210726504
3632.0468080365126
3375.2750662793337
3559.817555499076
3524.464050376523
2927.0228451679895
3376.1673875048286
3729.053816437058
3241.077943748294
3084.3140877398155
3544.1334625609547
3582.337715820341
3302.511090561562
3468.7732416321037
3296.501154197365
3251.655196825745
3583.3070191774787
3386.9633104610593
3216.1940161595526
3537.1085813217483
3680.706172101869
3709.1937835876206
3625.5466471254927
3337.9716717186457
3188.972380397381
3622.1055885947308
3773.5692144578143
3357.030546882255
3576.834530136351
3495.1990744380164
3875.612310628724
3391.0300511581668
3087.3478257608367
3258.231829077339
3192.376906753217
3498.0794776335756
3326.3092128297244
3580.6683347400713
3381.7371992791427
3559.42060627756
3779.727066724327
3370.911437230579
3803.8492869517036
3358.422383147293
3524.4409706150236
3192.8188754794255
3565.1827953703746
3551.96877749781
3418.601156172505
3720.6061295589766
3478.950968343956
3859.3611849521444
3605.7543128030147
3375.9433920284396
3375.605226954372
3422.9023949670923
3295.2120687228685
3743.6995246083684
3412.6911538600707
3574.208490401339
3131.944603423191
3429.7925300021257
3585.829570936517
3451.667043314725
3844.656723661273
3344.115849853643
3531.3625785672534
3084.3706987929145
3252.8660902932684
3799.6470895854204
3440.8402202506913
3389.567829830665
2982.591099295981
3256.5972226028084
3770.618668265213
3304.559185707868
2589.994779076736
3556.17373388241
3378.8557037872965
3037.369191969583
3384.0216241669764
3158.356224157772
3345.175892388927
3711.2778709841937
4123.328835128344
3661.189622032235
3511.6910031800016
3130.843763997393
3622.49609912804
3388.5752468615105
3420.915896863177
3512.0382756037434
3394.1298305623045
3392.4216558157727
3589.081687216973
3476.0564379066095
2946.382482370432
3549.771714859498
3549.211993205401
3531.545280655681
3729.0520123487445
3620.562059273902
3277.1720358204298
3412.0352770347486
3363.6986707328674
3481.987089735107
3963.0001220235063
3318.075972498765
3234.663285049874
3426.428329669958
3664.6205041537355
3462.4809280340705
3625.851927411683
2973.091939327895
3393.5030302275995
3695.8973543673806
3387.6482800423414
3511.465987410003
3258.045163477123
3400.8516033966084
3318.7829732740206
3289.1353955064346
3641.406311498237
3236.314372334227
3241.127443430994
3547.650798876648
3380.402806853317
3409.94231614147
3355.5458315944115
3381.0431431162015
3761.4480327085125
3499.52209129652
3768.8768526468652
3270.7305961482903
3338.5490813675788
3268.818335197232
3087.6181559705633
3216.2668923881406
3656.235825892969
3586.218196499642
3425.65850407459
3632.0717571701352
3775.0591114921867
3603.8122656861638
3223.152127157999
3447.7905211450507
3410.830971762616
3389.742382920343
3655.570599294149
3456.9264368878544
3225.337871598908
3918.0798113404194
3603.27270155082
3198.636601566462
3163.529312596336
3549.9983575520287
3364.9971097688144
3178.6690869932036
3226.52982366627
3122.887835276104
2962.3054988238578
3166.2481319632807
3071.5721288803775
3454.6839004812077
3170.743682950367
3156.718177032461
3696.8954032750758
3812.899095874752
3240.500535759631
3689.9485253050557
3436.458660088083
3492.6436308186794
3463.826597375181
3238.6865645465155
3197.2383027768024
3791.119052073065
3402.3126946046423
3541.2646710849563
3451.493327784008
3485.1020825674937
3374.722444208207
3492.0010811747807
3910.908579626201
3739.1132426226554
3186.75921580795
3209.208347319201
3387.858306838441
3203.6661533488746
3424.0154909171147
3132.8611795341994
3133.6515689738403
3605.4979959783022
3118.0897559901105
3538.568709757759
3522.4946129840046
3272.933754636816
3607.6010224661754
3206.1523945075837
3555.327479629403
3682.5754413900904
3339.6830343282973
3384.592262608901
3268.6068303995553
3152.300556655988
3625.6173078924676
3490.3329003318254
3413.2317198229916
3394.9891621460615
3626.2740543413643
3367.19941067041
3163.919318795745
3170.336158626434
3215.6640295128427
3411.913938339459
3605.442364967326
3260.400607462078
3669.3010564960546
3206.0668099257086
3477.1174180685443
3244.2267797464096
3285.825962622293
3162.420182426629
3404.1150874678474
3313.846773634932
3297.466754980545
3588.1609656103633
3930.741707882606
3472.6311621892874
3172.792363168961
3324.855899730406
3226.2846852670677
3555.143498159783
3413.4464806697238
4010.022254432056
3550.8679424711695
3636.1355943067583
3680.3514810543043
3364.1446358872904
3430.5646993337873
3583.8108196720204
3649.540522640027
3875.123975702282
3976.8614913979927
3752.383666238041
3637.845518999388
3354.2472742110435
3809.3331687342293
3290.2410514170797
3719.6228912206275
3309.5188328965596
3711.067422858392
3179.9872464500636
3527.064295358915
3651.218382210219
3500.7819104326923
3512.051669160339
3336.584013709094
3711.305391706597
3610.8993117737964
3274.3730478643497
3283.110849242503
3389.6087804949284
3524.3920154890407
3375.972019461595
3742.5643533360912
3239.603662626444
3448.143441599921
3742.274524559935
3546.9141369583895
3596.6814004856747
3708.75484198567
2714.7675126648633
3046.3686236483486
3296.804477075694
3914.812372581922
3646.819446490061
3564.706336793461
3273.5444994408786
3491.063221477678
3604.127427105115
3567.747590405823
3327.273435772739
3189.1031900610606
3547.4881810426546
3201.5756972477616
3563.856656431281
3375.8846857849844
3477.978454691625
3556.16908854989
3560.2335316745534
3517.862131325103
3430.1617318820577
3633.427459045233
3672.2449773686117
3447.4451572522635
3554.6952931001083
3530.0244354039614
3364.9426781116695
3235.2572511135168
3796.3777760429475
2803.004795198307
3044.3175562742963
3340.346740590012
3501.0767142162217
3390.4875428587143
3472.0769092396035
3146.6263079372475
3623.243418961309
3646.661287868887
3297.5755400963626
3647.584340413731
3268.7099790095667
3349.1943681723446
3537.265912956608
3522.7399588213043
3414.0217438101668
3635.1858529616215
3657.852159389931
3630.056462932627
2872.4512149183533
3232.089289648624
3512.021431726146
3227.5296206876847
3023.196782660104
3539.8351191180805
3536.0126506274814
3500.6231304048947
3087.00708883856
3470.070264197249
2909.123720654972
3430.077127919308
3113.9389231410514
3668.544924989875
3217.930774457953
3736.35130615884
3790.001777945387
3253.556470501222
3779.369551756678
3421.6268353909722
3496.1932035315144
3519.5786148877273
3412.0459642177534
3284.2228660340143
3579.3961307892846
3440.4256466013267
3328.7512317934757
3065.709702226748
3144.17319058179
3627.3005529946286
3440.3386868256744
3676.5058411990885
3285.888250662983
3192.222590499066
3279.612969635698
3535.6200642258177
3161.608851603503
3628.2654644254326
3618.0123564867936
3457.834422540765
3095.2007511812444
3399.909233569093
3803.4122302028813
3764.037625798314
3379.4599613536675
3709.5177145015377
3395.256477333304
3677.1481342314296
3451.2973954492986
3210.093196919034
3341.9709686231195
3695.916709783303
3555.0540937090295
3224.4226291410564
3630.3349858755932
3749.5074785959487
3405.4194451277117
3099.5955325851364
3252.911559157739
3388.676538935854
3332.8814577111616
3200.8324165994927
3368.4898038289875
3315.312108527748
3394.4849906056534
3618.6632616607317
2985.9739276651217
3356.6685036958847
3009.7240161072746
3536.7128996811985
3067.4370215122685
3326.2979027894366
3474.8111775126754
3629.040080383797
3251.7494840283584
3723.5829816013497
3530.142121370359
3465.2269028863793
3526.3185759154635
3328.978067312261
3664.8777283661243
3078.3178763141955
3620.6700057125986
3543.1732734633247
3297.0171271440377
3548.4496798867526
3332.631993534203
3444.827449726034
3345.8760910980045
3289.9230122004565
3355.2164918743815
3552.7714227573288
3337.6121452858138
3474.5862569608253
3507.4603515261606
2967.876829006746
3105.8212013949155
3078.1716929330637
3424.825792069831
3638.9047071307123
3182.865537228599
3532.025153538303
3309.1896402020798
3462.4716136040747
3363.055675527639
3369.2418276209273
3438.5830387831606
3315.2492928078636
3435.3270954616814
2923.3113532435204
3219.8695616726604
3653.173094869424
3588.7887498960918
3434.7134628931567
3266.9750894573467
3096.2102694377713
3384.605204478597
3351.285783139019
3294.9534382933252
3346.9974833756955
3221.326660124618
3338.8821294483873
3189.699726303678
3438.4955540369024
2975.526018063645
3380.551339752696
3764.385367970675
3374.304816490562
3074.355458962719
3565.7953592897743
3418.1056787414423
3457.2122050271632
3105.2447056832807
3337.028537871594
3315.7766970335597
3041.4464004752713
3714.7394978381817
3434.949795359971
3475.597213197339
3480.9170731067065
3691.5148641892088
3377.6344385275
3400.9393640224066
3535.3462356084383
3690.1940788406937
2985.3586434796284
3585.6465903084368
3407.162906098399
3323.9215477953608
3502.6271924669068
3359.9441722742263
3437.3890250322324
3522.9668454494326
3372.5528946789377
3243.611802058836
3666.7437761040123
3159.8265961751217
3086.051415620634
3243.629291910503
3172.30394250692
3828.319101200969
3576.544671446772
3116.6676527780123
3647.9686568989036
3830.473800658476
3180.0124091869297
3327.784388711462
3651.170299510473
2966.6449929010832
3353.693265910089
3517.4114389739207
3630.944398487932
3690.4222487403854
3565.5532135866356
3698.6254740442287
3823.715584565822
3279.9619609376855
3793.4251435846313
3514.510082769949
3696.786218899211
3353.3820270797073
3860.237842069697
3024.3755555106213
3399.523778368543
3357.0730293434403
3290.536296630996
3568.384138109603
2964.684865836577
3267.0062050781075
3329.0796968941168
3428.7853142560057
3574.9203650104864
3599.180059129257
3233.3233195293824
3805.1626268566383
3540.59950327704
3596.544632493384
3231.216308776559
3694.786625906868
3749.8144783400244
3462.3091721742517
3699.2560732439297
3582.9657005370095
3693.998812657117
3200.5500464649763
3171.3285261383758
3627.8948227635647
3710.8497536468617
3220.8213386684947
3455.7518143416323
3397.124898755281
3583.0311702628373
3690.8256418024453
3108.9411553214477
3635.8219906983027
3802.5898623644835
3226.1264745593894
3335.7544082278073
3468.443389805035
3771.264042600292
3127.5046853582144
3254.609037620707
3545.1552941828836
3712.306069017313
3227.066756392072
3222.4530684574083
3390.4491408309505
3407.2219193000687
3440.426844234253
3134.89512906813
3356.6558412505647
2972.879245355155
3573.752237312232
3269.712443295369
3437.722661442684
3684.1795013808323
3367.4959646828415
3372.217819391971
3526.7224466021144
3533.209014713583
3016.376442788019
3352.6877712804517
3414.3545401673664
3369.6628549907796
3398.9653323698617
3128.4754861808124
3256.9732776622
3369.7853650484003
3612.436439852062
2896.3359368105066
3497.8129163077924
3459.205654057192
3506.4883453227803
3529.5712036301575
3215.5109439272783
2988.8486222227093
2836.0020678814813
3485.528271079946
3248.2995003703413
3363.3465705418066
3434.573610323209
3584.6350237313764
2771.8986302790545
3406.2412279145615
3251.4567263676054
3495.587926484041
3581.9485295141
4063.7952348538633
3353.343467101388
3622.4065899343336
3439.7672139648716
3448.7912261857387
3675.427433635455
3438.1228623915913
2819.501127006131
3288.6341565630996
3394.3669620571195
3623.431826765337
3285.106111946741
3323.1969802023805
3436.5839607548464
3520.74913981721
3513.7902369412436
3244.9119796219647
3796.946842969663
3398.804892363619
3165.1617496147405
3576.457629410536
3684.321114251876
3304.7337329002876
3475.435886917154
3584.4634105895634
3526.169968472383
3681.1806589408993
3348.0525918260514
3140.0788340053045
3367.145087243166
3553.0034116742936
3325.9366955957553
3528.506137876839
3683.912657815268
3359.393632141661
3470.479934975406
3219.780620073128
3321.5800037089534
3366.2333793570992
3252.879866340991
3436.711911925006
3355.916181631917
3497.490246017191
3382.0987600429426
3033.5511440204377
3517.5083070858796
3379.685182206092
3350.5753318046404
3069.160056716464
3247.703995016784
2961.4203711371183
3780.2501166347047
3444.4656170694143
3349.2278182927325
3406.0194352851227
3410.6721180046466
3693.8589780520892
3397.425801857475
3353.2147986301684
3287.2029442111784
3195.861790958004
3222.434626009061
3533.673082150585
3721.475712767178
3681.3387757679907
3652.0733312076995
3578.4588463448213
3400.836515093041
3710.9420547555314
3324.8604851716937
3401.218000468768
3451.636244968738
3488.6795755389526
3208.650629715896
3607.7267394827086
3504.844852415749
3087.020261143779
3651.1201160029887
3242.0323558636696
3674.2620689435753
3265.4398940600313
3511.1484609584895
3478.325016068007
3339.6031805117664
3390.9491765722814
3426.7547836467847
3510.4242028323456
3654.505190100217
3769.981565911143
3572.1968856401895
3726.35744759909
3213.8927240705193
3478.8819541859216
3545.088985734027
3570.4644601981377
3613.0543938192804
3358.815562970524
3781.735876589378
3911.14002493597
3196.9027501693513
3750.160430358732
3219.3260288597658
3247.9997976979
3242.607979116361
3655.448567395592
3802.2309708313105
3826.7462080081605
3252.4789063765616
3386.1590210487357
3546.5680845452125
3106.59692222669
3548.6095122953934
3075.796949281998
3620.581300656356
3265.3256455318065
3560.4313228597707
3255.130874762838
3563.819089652677
3595.914028988369
3183.0639350629804
3005.722934482746
3458.004734047449
3537.5676734352496
3365.1135631883762
3165.9886207019035
3443.283968837012
3643.2830982849923
3284.6224616628647
3258.81127161091
3388.108331262413
3451.7460294829552
3316.8112843311314
3177.5276004817338
3790.197313867174
3905.870304294814
3488.0246250458044
3221.9824943764856
3464.2354705148205
3697.6541169190755
3275.218037289546
3516.327479827142
3725.4584426747447
3342.6382701090924
3162.8956009848184
3215.1025255717027
3066.825156061758
3859.6498939168937
3409.542325706304
3575.5611802932503
3666.969233543864
3458.1750828867853
3354.9445059468812
3195.3161042382158
3513.31363816284
3519.995701383092
3125.4887962176444
3389.242293644644
2966.4881908497705
3111.3675878536865
3235.8668995581797
3441.8322758923755
3316.5786772875695
3002.191835080063
3476.952737819496
3760.508383740317
3377.225145473858
3763.439946766748
3449.97929913895
3187.7998840955997
3625.7535987221304
3272.675073128127
3649.3439122626173
3602.4952245813733
3333.525543352827
3146.550033193204
3506.647943164191
3805.2570492414625
3152.711401714595
3293.9221974851985
3847.936187509027
3228.035851849982
2937.478472571235
3467.4904013808273
2943.0913545041462
3293.934870616559
2941.900551356422
3371.5955026157903
3274.471745036001
2859.4090233526954
3027.7826790734475
3398.7570666344086
3194.0615042026825
3611.378163298297
3586.885859412125
3207.4614406130086
3542.2701554275523
3696.952143345611
3430.8994800682162
3897.812929757011
3295.4769075910317
3289.4881462373323
3637.799523320807
3458.0270648764053
3193.909421718492
3432.459314409652
3620.753874950377
3806.5133308396676
3829.0907486433534
3856.2062983235305
3731.1145792563852
3259.492321681497
3500.924345468604
3421.6650115045727
3572.0573701968883
3827.272654706016
3311.340571138232
3410.0757523912334
3363.1913990051603
3107.4214435022436
3207.8897821955447
3568.242302408448
3311.226759185046
3354.4903063130614
3274.878294612111
3398.5256684359124
3166.5655477242935
3475.9392865863097
3134.274445784806
3289.4610529093125
3658.3586362174005
3195.518148932576
3706.9083008763164
3364.089196719648
3579.411015952837
3538.6768120562256
3660.0036034550762
3481.0544000157165
3341.361838943199
3341.3552215349914
3232.8707317551957
2947.533059505335
3476.923764781478
3097.804909252553
2874.2527120621785
3225.2370988263733
3251.104324018017
3260.858910595897
3561.7301811250923
3651.6495105799017
3416.1720454516067
3513.330984604041
3717.0405009144474
3139.3059665706564
3399.4927698607985
3103.469006442146
3338.022722939589
3212.815034009193
3586.5952251361887
3455.804001134265
3479.098008578509
3421.637370929242
3069.8840400645536
3307.3053943381824
3436.238476623034
3064.684971605077
3307.5935399158657
3029.7372076273787
3217.094343644539
3305.682687010502
3424.2120267455525
3111.5604605732683
3377.2223747438497
3536.5932765504845
3605.3472759977803
3496.2935028902616
3321.473727378338
3418.844330849886
3193.6177564294053
3561.2057736690335
3344.6912738819133
3438.4494619906454
3172.4288946610413
3242.6450685116674
3690.002636598875
3357.74711195659
3781.211449193114
3807.877975306121
3527.998316612448
3377.8684927750805
3625.744412659457
3698.512437154145
3543.641676800241
3359.9659561655926
3506.5018954314846
3778.956374389678
3218.031789913718
3776.224952287587
3407.661244183277
3393.235115831146
3729.3700931645885
3538.1329924410684
3235.097641754612
3167.215040048318
3093.9937342439794
2943.9967876400683
3390.888239961611
3858.8358171489913
3213.2489282205875
3601.347841122462
3361.893588155635
3444.2054670104553
3473.7340788571323
3716.7212733255988
3302.1685263234044
3667.7340150571977
3650.2369478189516
3167.6338580983943
3625.2393828114705
3741.517176513515
3533.2792414044293
3334.946946047346
3536.1264208130574
3529.266470012854
3417.8965797508035
3434.3127202758556
3311.3844682451186
3427.4084631384644
3515.68049024238
3406.767847573548
3257.038655593452
3547.4376305463734
3481.523099882012
3313.2947561893393
3297.9516217048117
3336.6344762764998
4126.948108948831
3417.3253052926184
3602.5612811503092
3302.8551684522104
3455.881527150231
3369.224694122344
3586.0470248836605
3237.3597877359266
3488.925313177016
3358.558590161402
3043.6979942832972
3487.271108811619
3118.934074943802
3524.049477491871
3375.4824526351217
3803.976620442806
3764.7305247560057
3717.4501243447266
3741.3561479649884
3799.5937777246827
3210.8769913585356
3556.445010701437
3746.665324682821
3515.7661709225117
3188.1641862849197
3315.695928698307
3422.2569567267315
3630.572756425339
3325.164904969925
3332.3408114517247
3306.6077960955267
3263.020711263537
3390.7609257094177
